0
58
167
425
18
20
162
428
18
20
163
435
18
20
157
436
18
20
157
439
18
20
157
442
18
20
152
446
18
20
151
448
18
20
151
450
18
20
150
451
18
20
150
451
18
20
148
451
18
20
146
451
18
20
144
451
18
20
141
451
18
20
138
451
18
20
136
453
18
20
133
453
18
20
130
453
18
20
127
453
18
20
125
452
18
20
119
453
18
20
117
451
18
20
115
450
18
20
113
448
18
20
110
448
18
20
108
446
18
20
106
444
18
20
104
442
18
20
102
440
18
20
100
437
18
20
98
435
18
20
96
433
18
20
94
432
18
20
92
430
18
20
90
430
18
20
86
428
18
20
85
428
18
20
84
428
18
20
83
427
18
20
84
425
18
20
84
425
18
20
83
427
18
20
83
429
18
20
82
431
18
20
81
433
18
20
79
435
18
20
79
438
18
20
78
440
18
20
77
442
18
20
77
444
18
20
77
446
18
20
81
452
18
20
82
454
18
20
82
456
18
20
83
456
18
20
85
456
18
20
87
456
18
20
