10
294
673
293
18
20
671
292
18
20
669
292
18
20
667
291
18
20
664
291
18
20
661
291
18
20
658
291
18
20
655
291
18
20
652
291
18
20
649
291
18
20
647
290
18
20
645
288
18
20
643
286
18
20
641
284
18
20
639
282
18
20
637
280
18
20
634
278
18
20
633
276
18
20
631
274
18
20
631
271
18
20
631
268
18
20
630
266
18
20
630
263
18
20
628
261
18
20
620
251
18
20
618
251
18
20
616
251
18
20
615
250
18
20
615
250
18
20
614
249
18
20
614
249
18
20
614
249
18
20
614
251
18
20
613
253
18
20
612
255
18
20
612
257
18
20
610
259
18
20
610
261
18
20
610
262
18
20
611
264
18
20
612
266
18
20
613
268
18
20
614
270
18
20
616
272
18
20
621
280
18
20
623
282
18
20
625
284
18
20
627
286
18
20
630
286
18
20
633
286
18
20
635
286
18
20
637
284
18
20
639
282
18
20
641
280
18
20
643
279
18
20
645
277
18
20
646
276
18
20
647
274
18
20
647
272
18
20
646
270
18
20
644
269
18
20
642
269
18
20
639
269
18
20
634
268
18
20
629
268
18
20
622
269
18
20
615
265
18
20
612
265
18
20
604
257
18
20
600
261
18
20
598
259
18
20
596
258
18
20
594
256
18
20
591
256
18
20
583
252
18
20
581
253
18
20
569
249
18
20
563
251
18
20
564
248
18
20
553
248
18
20
550
248
18
20
547
248
18
20
544
248
18
20
542
249
18
20
541
249
18
20
540
248
18
20
539
248
18
20
537
248
18
20
535
247
18
20
532
247
18
20
534
251
18
20
532
250
18
20
531
248
18
20
531
246
18
20
531
243
18
20
531
241
18
20
532
239
18
20
533
237
18
20
533
234
18
20
535
233
18
20
540
229
18
20
543
229
18
20
545
231
18
20
547
233
18
20
555
237
18
20
556
239
18
20
557
241
18
20
559
243
18
20
561
245
18
20
562
247
18
20
566
252
18
20
567
254
18
20
568
256
18
20
568
259
18
20
570
273
18
20
564
274
18
20
566
272
18
20
566
275
18
20
569
289
18
20
569
292
18
20
567
294
18
20
567
297
18
20
565
299
18
20
557
302
18
20
555
304
18
20
553
306
18
20
552
308
18
20
552
310
18
20
553
312
18
20
555
313
18
20
557
313
18
20
563
315
18
20
565
314
18
20
567
312
18
20
567
309
18
20
577
306
18
20
583
299
18
20
584
290
18
20
590
286
18
20
587
276
18
20
593
274
18
20
587
265
18
20
587
261
18
20
587
258
18
20
576
247
18
20
576
244
18
20
564
242
18
20
561
241
18
20
553
240
18
20
542
243
18
20
543
244
18
20
527
243
18
20
521
244
18
20
521
244
18
20
507
249
18
20
496
248
18
20
494
250
18
20
492
252
18
20
489
252
18
20
487
253
18
20
486
253
18
20
485
253
18
20
486
252
18
20
493
257
18
20
495
257
18
20
497
257
18
20
498
256
18
20
497
257
18
20
497
256
18
20
496
256
18
20
495
255
18
20
493
246
18
20
493
244
18
20
492
242
18
20
492
242
18
20
491
242
18
20
489
242
18
20
489
244
18
20
488
246
18
20
494
251
18
20
493
253
18
20
491
255
18
20
491
258
18
20
491
261
18
20
490
270
18
20
488
272
18
20
486
274
18
20
482
289
18
20
482
292
18
20
480
303
18
20
479
305
18
20
477
307
18
20
473
318
18
20
471
320
18
20
473
320
18
20
460
332
18
20
458
334
18
20
458
335
18
20
456
337
18
20
454
337
18
20
452
338
18
20
450
338
18
20
447
338
18
20
444
338
18
20
441
338
18
20
439
338
18
20
437
338
18
20
435
337
18
20
434
335
18
20
434
334
18
20
434
332
18
20
433
330
18
20
431
329
18
20
430
329
18
20
428
329
18
20
427
329
18
20
426
328
18
20
425
328
18
20
425
328
18
20
424
326
18
20
423
324
18
20
423
324
18
20
423
324
18
20
422
323
18
20
422
323
18
20
421
323
18
20
420
321
18
20
420
319
18
20
420
316
18
20
420
314
18
20
420
311
18
20
420
309
18
20
419
307
18
20
419
304
18
20
418
302
18
20
418
300
18
20
418
298
18
20
417
296
18
20
416
296
18
20
415
295
18
20
414
295
18
20
413
295
18
20
412
297
18
20
411
299
18
20
410
300
18
20
409
302
18
20
409
305
18
20
405
316
18
20
406
315
18
20
407
327
18
20
402
340
18
20
402
343
18
20
401
349
18
20
401
352
18
20
398
365
18
20
397
367
18
20
400
377
18
20
400
380
18
20
396
388
18
20
396
391
18
20
395
392
18
20
393
394
18
20
391
396
18
20
389
398
18
20
387
400
18
20
386
400
18
20
384
401
18
20
382
400
18
20
376
404
18
20
374
404
18
20
371
404
18
20
369
403
18
20
367
402
18
20
365
402
18
20
363
403
18
20
360
403
18
20
359
403
18
20
358
405
18
20
356
407
18
20
354
409
18
20
350
414
18
20
348
416
18
20
347
418
18
20
345
420
18
20
344
421
18
20
338
436
18
20
333
436
18
20
330
443
18
20
327
447
18
20
325
449
18
20
323
451
18
20
320
451
18
20
315
452
18
20
312
452
18
20
