10
294
660
307
18
20
659
307
18
20
657
305
18
20
655
304
18
20
652
304
18
20
649
304
18
20
646
304
18
20
638
304
18
20
635
304
18
20
632
304
18
20
629
304
18
20
625
301
18
20
623
299
18
20
619
286
18
20
617
285
18
20
614
283
18
20
613
281
18
20
610
279
18
20
609
277
18
20
609
276
18
20
606
263
18
20
605
261
18
20
605
259
18
20
603
257
18
20
599
253
18
20
597
253
18
20
590
251
18
20
589
249
18
20
588
249
18
20
587
248
18
20
587
248
18
20
587
248
18
20
587
250
18
20
587
252
18
20
583
250
18
20
582
252
18
20
581
254
18
20
581
256
18
20
580
258
18
20
580
260
18
20
580
261
18
20
580
263
18
20
581
265
18
20
582
267
18
20
582
268
18
20
580
272
18
20
580
273
18
20
581
272
18
20
583
272
18
20
585
272
18
20
587
272
18
20
589
270
18
20
591
268
18
20
592
266
18
20
593
264
18
20
594
262
18
20
594
260
18
20
594
258
18
20
593
256
18
20
591
254
18
20
594
254
18
20
592
254
18
20
589
254
18
20
586
254
18
20
573
247
18
20
571
243
18
20
562
251
18
20
555
245
18
20
548
241
18
20
543
238
18
20
537
236
18
20
533
230
18
20
528
227
18
20
524
229
18
20
519
226
18
20
511
225
18
20
512
223
18
20
499
222
18
20
501
222
18
20
492
222
18
20
489
220
18
20
486
220
18
20
483
220
18
20
480
220
18
20
478
220
18
20
477
219
18
20
475
218
18
20
473
218
18
20
470
218
18
20
467
218
18
20
464
218
18
20
462
218
18
20
460
216
18
20
460
213
18
20
460
210
18
20
458
205
18
20
459
203
18
20
459
200
18
20
460
198
18
20
461
197
18
20
463
195
18
20
466
195
18
20
469
195
18
20
471
197
18
20
473
199
18
20
474
201
18
20
475
203
18
20
477
205
18
20
479
207
18
20
480
209
18
20
482
211
18
20
479
213
18
20
479
215
18
20
479
217
18
20
479
220
18
20
478
222
18
20
477
224
18
20
476
226
18
20
476
229
18
20
476
231
18
20
474
233
18
20
469
254
18
20
467
256
18
20
462
252
18
20
460
257
18
20
458
259
18
20
457
261
18
20
456
262
18
20
457
263
18
20
458
263
18
20
460
263
18
20
463
263
18
20
465
262
18
20
468
262
18
20
471
255
18
20
470
248
18
20
475
237
18
20
475
235
18
20
480
227
18
20
483
227
18
20
478
211
18
20
474
206
18
20
474
193
18
20
473
191
18
20
466
187
18
20
459
185
18
20
452
178
18
20
446
181
18
20
434
178
18
20
428
178
18
20
415
181
18
20
408
172
18
20
403
182
18
20
393
174
18
20
387
181
18
20
381
179
18
20
373
175
18
20
371
183
18
20
368
183
18
20
370
178
18
20
368
177
18
20
368
177
18
20
370
175
18
20
371
174
18
20
370
168
18
20
372
177
18
20
373
176
18
20
372
175
18
20
372
174
18
20
371
173
18
20
370
171
18
20
370
169
18
20
369
167
18
20
369
165
18
20
368
163
18
20
367
163
18
20
366
163
18
20
365
163
18
20
364
165
18
20
363
167
18
20
361
167
18
20
363
173
18
20
361
175
18
20
359
176
18
20
355
179
18
20
353
187
18
20
355
191
18
20
347
206
18
20
344
201
18
20
344
217
18
20
344
214
18
20
338
221
18
20
331
223
18
20
329
231
18
20
327
233
18
20
325
235
18
20
322
235
18
20
319
235
18
20
316
235
18
20
313
235
18
20
310
235
18
20
307
235
18
20
304
235
18
20
302
239
18
20
298
235
18
20
295
235
18
20
292
235
18
20
290
233
18
20
288
231
18
20
287
229
18
20
286
227
18
20
284
225
18
20
283
223
18
20
282
223
18
20
280
221
18
20
279
221
18
20
277
219
18
20
276
217
18
20
275
215
18
20
274
213
18
20
274
211
18
20
273
209
18
20
272
207
18
20
271
205
18
20
270
203
18
20
269
201
18
20
268
199
18
20
268
197
18
20
264
193
18
20
263
191
18
20
263
189
18
20
262
187
18
20
261
185
18
20
260
183
18
20
260
177
18
20
259
175
18
20
258
173
18
20
257
171
18
20
256
164
18
20
254
162
18
20
252
162
18
20
250
162
18
20
248
163
18
20
246
165
18
20
244
167
18
20
243
175
18
20
240
179
18
20
234
185
18
20
231
185
18
20
237
198
18
20
229
202
18
20
231
206
18
20
229
215
18
20
229
227
18
20
229
230
18
20
221
234
18
20
219
236
18
20
221
241
18
20
222
244
18
20
220
246
18
20
216
249
18
20
214
251
18
20
212
253
18
20
204
259
18
20
201
259
18
20
198
259
18
20
195
259
18
20
192
259
18
20
189
259
18
20
187
258
18
20
183
255
18
20
180
255
18
20
177
255
18
20
174
255
18
20
171
255
18
20
168
255
18
20
166
255
18
20
164
255
18
20
163
255
18
20
160
255
18
20
158
257
18
20
156
259
18
20
154
261
18
20
147
266
18
20
145
271
18
20
143
279
18
20
135
280
18
20
132
292
18
20
129
292
18
20
126
292
18
20
126
292
18
20
123
292
18
20
123
294
18
20
120
294
18
20
