204
100
682
263
18
20
680
265
18
20
678
267
18
20
676
269
18
20
674
270
18
20
672
271
18
20
670
272
18
20
668
272
18
20
665
272
18
20
662
272
18
20
659
272
18
20
657
272
18
20
655
272
18
20
647
279
18
20
646
278
18
20
646
276
18
20
646
274
18
20
645
274
18
20
644
273
18
20
643
274
18
20
642
274
18
20
641
274
18
20
640
273
18
20
640
273
18
20
640
272
18
20
640
272
18
20
641
272
18
20
640
270
18
20
640
270
18
20
640
270
18
20
640
268
18
20
640
268
18
20
640
266
18
20
641
265
18
20
641
263
18
20
641
261
18
20
641
259
18
20
641
257
18
20
641
254
18
20
641
251
18
20
641
249
18
20
641
247
18
20
641
245
18
20
641
243
18
20
640
243
18
20
639
242
18
20
638
242
18
20
637
242
18
20
636
243
18
20
635
245
18
20
635
248
18
20
635
251
18
20
630
254
18
20
630
257
18
20
629
270
18
20
624
272
18
20
627
282
18
20
628
284
18
20
624
296
18
20
623
303
18
20
624
310
18
20
623
319
18
20
623
322
18
20
623
325
18
20
619
333
18
20
619
336
18
20
619
339
18
20
619
342
18
20
617
344
18
20
615
346
18
20
613
348
18
20
611
349
18
20
609
350
18
20
607
350
18
20
605
349
18
20
603
349
18
20
600
349
18
20
598
348
18
20
595
348
18
20
592
348
18
20
590
348
18
20
587
348
18
20
586
348
18
20
581
356
18
20
579
358
18
20
577
360
18
20
575
362
18
20
575
365
18
20
571
370
18
20
571
373
18
20
569
375
18
20
561
387
18
20
559
389
18
20
556
398
18
20
554
401
18
20
552
403
18
20
553
403
18
20
551
404
18
20
549
403
18
20
547
401
18
20
