18
42
680
284
18
20
677
284
18
20
675
282
18
20
673
281
18
20
671
279
18
20
669
278
18
20
667
276
18
20
666
271
18
20
664
269
18
20
663
267
18
20
660
264
18
20
659
262
18
20
658
260
18
20
657
250
18
20
655
248
18
20
654
246
18
20
656
240
18
20
654
240
18
20
652
240
18
20
651
238
18
20
651
238
18
20
651
237
18
20
651
237
18
20
651
237
18
20
651
239
18
20
651
239
18
20
650
241
18
20
650
243
18
20
651
246
18
20
651
248
18
20
651
250
18
20
651
252
18
20
652
254
18
20
652
256
18
20
654
258
18
20
654
260
18
20
654
263
18
20
656
265
18
20
657
267
18
20
659
268
18
20
661
269
18
20
669
270
18
20
