108
87
576
214
18
20
577
213
18
20
578
212
18
20
579
212
18
20
581
213
18
20
588
213
18
20
586
215
18
20
598
219
18
20
600
221
18
20
602
223
18
20
605
223
18
20
602
231
18
20
604
233
18
20
606
235
18
20
608
240
18
20
608
243
18
20
611
250
18
20
611
253
18
20
608
260
18
20
608
263
18
20
606
267
18
20
606
273
18
20
606
276
18
20
606
279
18
20
604
281
18
20
603
283
18
20
599
284
18
20
598
288
18
20
597
290
18
20
597
292
18
20
598
294
18
20
600
294
18
20
602
294
18
20
605
294
18
20
608
294
18
20
613
293
18
20
615
287
18
20
617
286
18
20
620
274
18
20
625
270
18
20
627
263
18
20
629
253
18
20
632
248
18
20
631
243
18
20
626
237
18
20
624
231
18
20
619
229
18
20
617
226
18
20
609
224
18
20
599
222
18
20
593
223
18
20
588
221
18
20
582
220
18
20
570
220
18
20
564
228
18
20
552
227
18
20
553
231
18
20
554
229
18
20
541
226
18
20
538
226
18
20
535
226
18
20
532
226
18
20
531
226
18
20
530
226
18
20
532
225
18
20
534
225
18
20
536
223
18
20
538
223
18
20
539
222
18
20
539
222
18
20
539
221
18
20
539
221
18
20
538
219
18
20
538
216
18
20
538
213
18
20
538
210
18
20
538
210
18
20
538
210
18
20
538
211
18
20
538
211
18
20
537
213
18
20
536
214
18
20
535
216
18
20
533
218
18
20
535
229
18
20
535
232
18
20
535
235
18
20
