0
497
650
409
12
19
650
408
12
19
650
408
12
19
649
408
12
19
650
408
12
19
650
408
12
19
650
408
12
19
649
408
12
19
649
408
12
19
648
408
12
19
649
408
12
19
649
408
12
19
649
408
12
19
649
408
12
19
648
408
12
19
648
408
12
19
648
408
12
19
648
408
12
19
647
408
12
19
647
409
12
19
646
409
12
19
645
409
12
19
644
409
12
19
644
409
12
19
644
408
12
19
644
408
12
19
644
408
12
19
644
408
12
19
644
408
12
19
644
408
12
19
642
409
12
19
642
409
12
19
641
409
12
19
641
409
12
19
641
409
12
19
641
409
12
19
641
409
12
19
641
410
12
19
641
411
12
19
639
411
12
19
637
412
12
19
638
414
12
19
637
415
12
19
636
416
12
19
635
417
12
19
635
417
12
19
635
418
12
19
635
418
12
19
636
418
12
19
636
418
12
19
637
419
12
19
636
420
12
19
636
420
12
19
635
421
12
19
634
421
12
19
633
422
12
19
633
422
12
19
632
422
12
19
632
422
12
19
631
422
12
19
631
421
12
19
630
421
12
19
631
421
12
19
630
422
12
19
629
422
12
19
627
422
12
19
626
422
12
19
626
424
12
19
624
425
12
19
624
425
12
19
624
425
12
19
624
425
12
19
625
425
12
19
625
425
12
19
625
425
12
19
625
426
12
19
625
426
12
19
625
426
12
19
624
427
12
19
624
427
12
19
623
429
12
19
622
428
12
19
622
428
12
19
620
428
12
19
619
428
12
19
619
428
12
19
618
428
12
19
618
428
12
19
617
428
12
19
616
429
12
19
615
430
12
19
614
430
12
19
613
431
12
19
615
431
12
19
614
431
12
19
615
431
12
19
614
431
12
19
614
431
12
19
614
431
12
19
614
431
12
19
614
432
12
19
615
433
12
19
616
433
12
19
615
434
12
19
614
434
12
19
613
434
12
19
613
434
12
19
611
434
12
19
610
434
12
19
612
431
12
19
611
432
12
19
611
432
12
19
610
433
12
19
610
433
12
19
609
434
12
19
609
434
12
19
609
434
12
19
609
434
12
19
609
433
12
19
609
433
12
19
610
432
12
19
610
432
12
19
610
432
12
19
610
432
12
19
610
433
12
19
610
433
12
19
608
432
12
19
607
432
12
19
606
432
12
19
606
431
12
19
606
431
12
19
605
431
12
19
605
432
12
19
606
432
12
19
605
433
12
19
605
432
12
19
604
432
12
19
603
432
12
19
602
432
12
19
602
432
12
19
601
432
12
19
600
432
12
19
600
432
12
19
601
432
12
19
601
432
12
19
602
435
12
19
602
435
12
19
603
435
12
19
603
435
12
19
603
435
12
19
603
435
12
19
603
435
12
19
605
436
12
19
605
436
12
19
603
435
12
19
602
435
12
19
601
434
12
19
600
434
12
19
599
435
12
19
597
435
12
19
597
435
12
19
597
435
12
19
597
435
12
19
597
435
12
19
596
435
12
19
596
435
12
19
595
435
12
19
594
435
12
19
593
435
12
19
594
435
12
19
596
439
12
19
596
439
12
19
596
439
12
19
596
440
12
19
595
441
12
19
595
440
12
19
594
441
12
19
593
441
12
19
592
441
12
19
591
440
12
19
589
440
12
19
588
440
12
19
587
440
12
19
589
439
12
19
588
440
12
19
587
440
12
19
586
441
12
19
586
440
12
19
586
440
12
19
587
441
12
19
587
441
12
19
588
440
12
19
589
440
12
19
589
440
12
19
589
440
12
19
588
440
12
19
589
439
12
19
589
439
12
19
589
439
12
19
587
439
12
19
587
439
12
19
586
439
12
19
585
439
12
19
583
439
12
19
583
439
12
19
582
439
12
19
582
439
12
19
581
439
12
19
581
439
12
19
582
439
12
19
582
439
12
19
582
440
12
19
583
439
12
19
582
439
12
19
583
439
12
19
583
439
12
19
582
439
12
19
582
439
12
19
581
440
12
19
582
440
12
19
582
440
12
19
582
440
12
19
582
440
12
19
581
441
12
19
581
441
12
19
580
441
12
19
579
441
12
19
578
441
12
19
578
440
12
19
576
440
12
19
575
440
12
19
573
440
12
19
573
440
12
19
574
440
12
19
574
440
12
19
574
440
12
19
574
440
12
19
574
440
12
19
576
440
12
19
576
440
12
19
576
440
12
19
575
440
12
19
575
441
12
19
575
440
12
19
575
440
12
19
576
440
12
19
576
440
12
19
576
440
12
19
576
440
12
19
576
440
12
19
575
440
12
19
575
440
12
19
575
440
12
19
575
441
12
19
574
438
12
19
573
438
12
19
573
438
12
19
573
438
12
19
573
439
12
19
574
439
12
19
572
439
12
19
573
440
12
19
573
440
12
19
573
440
12
19
573
440
12
19
572
439
12
19
572
439
12
19
571
440
12
19
569
439
12
19
569
439
12
19
569
439
12
19
571
438
12
19
569
438
12
19
568
438
12
19
567
438
12
19
565
438
12
19
567
440
12
19
567
440
12
19
567
440
12
19
568
440
12
19
568
441
12
19
568
442
12
19
568
442
12
19
567
442
12
19
568
443
12
19
566
442
12
19
568
444
12
19
568
444
12
19
567
443
12
19
566
443
12
19
566
442
12
19
565
442
12
19
564
442
12
19
564
442
12
19
565
444
12
19
563
444
12
19
564
444
12
19
562
443
12
19
562
443
12
19
564
443
12
19
563
443
12
19
560
443
12
19
559
442
12
19
561
444
12
19
557
443
12
19
557
442
12
19
557
442
12
19
557
441
12
19
558
441
12
19
558
441
12
19
558
441
12
19
556
441
12
19
555
441
12
19
555
441
12
19
555
441
12
19
555
441
12
19
555
441
12
19
553
440
12
19
560
444
12
19
560
444
12
19
557
441
12
19
556
441
12
19
555
440
12
19
555
440
12
19
553
441
12
19
554
441
12
19
554
441
12
19
554
441
12
19
554
441
12
19
554
442
12
19
554
443
12
19
554
443
12
19
553
443
12
19
553
442
12
19
552
442
12
19
552
441
12
19
554
442
12
19
554
442
12
19
554
442
12
19
554
442
12
19
553
442
12
19
553
442
12
19
551
442
12
19
550
442
12
19
549
442
12
19
549
442
12
19
549
442
12
19
549
442
12
19
549
442
12
19
548
442
12
19
546
442
12
19
544
440
12
19
543
438
12
19
543
438
12
19
544
439
12
19
545
441
12
19
547
443
12
19
549
443
12
19
549
443
12
19
548
443
12
19
547
443
12
19
546
443
12
19
546
443
12
19
545
443
12
19
543
443
12
19
544
442
12
19
545
442
12
19
544
442
12
19
544
442
12
19
542
442
12
19
541
442
12
19
541
442
12
19
541
442
12
19
541
442
12
19
541
442
12
19
541
442
12
19
542
443
12
19
543
443
12
19
544
443
12
19
545
443
12
19
545
442
12
19
546
442
12
19
546
442
12
19
545
442
12
19
544
442
12
19
543
442
12
19
541
442
12
19
540
441
12
19
540
441
12
19
541
441
12
19
541
441
12
19
541
441
12
19
542
443
12
19
542
443
12
19
540
443
12
19
539
442
12
19
536
442
12
19
537
442
12
19
537
442
12
19
538
442
12
19
538
442
12
19
537
442
12
19
537
442
12
19
537
442
12
19
536
442
12
19
536
442
12
19
535
442
12
19
535
442
12
19
533
441
12
19
532
440
12
19
532
440
12
19
532
441
12
19
530
439
12
19
529
439
12
19
529
439
12
19
529
439
12
19
529
439
12
19
531
441
12
19
530
441
12
19
530
442
12
19
530
442
12
19
530
442
12
19
529
440
12
19
528
440
12
19
527
440
12
19
527
440
12
19
525
439
12
19
525
438
12
19
525
439
12
19
525
439
12
19
525
438
12
19
527
441
12
19
527
441
12
19
527
441
12
19
527
441
12
19
527
441
12
19
527
441
12
19
527
441
12
19
526
441
12
19
525
441
12
19
524
440
12
19
524
440
12
19
523
440
12
19
523
440
12
19
523
440
12
19
523
440
12
19
522
440
12
19
522
440
12
19
522
440
12
19
522
439
12
19
521
439
12
19
521
438
12
19
521
439
12
19
522
439
12
19
523
439
12
19
523
439
12
19
523
439
12
19
523
439
12
19
522
439
12
19
522
439
12
19
522
440
12
19
522
439
12
19
522
439
12
19
521
439
12
19
521
439
12
19
521
439
12
19
521
439
12
19
521
439
12
19
521
439
12
19
520
439
12
19
520
439
12
19
521
438
12
19
518
441
12
19
518
441
12
19
520
442
12
19
520
443
12
19
520
443
12
19
520
444
12
19
520
444
12
19
520
444
12
19
519
443
12
19
518
442
12
19
517
442
12
19
516
442
12
19
515
442
12
19
514
443
12
19
514
442
12
19
512
442
12
19
513
443
12
19
515
445
12
19
516
444
12
19
516
442
12
19
517
442
12
19
518
442
12
19
517
442
12
19
518
444
12
19
520
446
12
19
