0
107
641
195
12
21
643
192
12
21
643
191
12
21
643
191
12
21
643
191
12
21
643
191
12
21
643
191
12
21
643
191
12
21
643
191
12
21
643
191
12
21
644
191
12
21
645
190
12
21
645
190
12
21
646
189
12
21
646
189
12
21
646
189
12
21
648
188
12
21
648
188
12
21
649
188
12
21
649
188
12
21
649
187
12
21
650
187
12
21
650
187
12
21
651
187
12
21
652
187
12
21
653
187
12
21
654
186
12
21
655
184
12
21
656
183
12
21
657
182
12
21
657
181
12
21
657
181
12
21
658
181
12
21
658
181
12
21
658
181
12
21
659
181
12
21
659
181
12
21
659
181
12
21
659
181
12
21
660
181
12
21
660
181
12
21
660
181
12
21
660
181
12
21
661
181
12
21
661
181
12
21
662
181
12
21
663
181
12
21
664
181
12
21
665
179
12
21
665
179
12
21
666
179
12
21
667
178
12
21
667
178
12
21
667
178
12
21
667
178
12
21
668
177
12
21
668
177
12
21
670
177
12
21
670
177
12
21
670
178
12
21
671
178
12
21
672
178
12
21
672
178
12
21
672
178
12
21
672
178
12
21
673
178
12
21
673
178
12
21
674
177
12
21
675
177
12
21
676
177
12
21
677
177
12
21
678
177
12
21
679
177
12
21
679
177
12
21
680
177
12
21
681
176
12
21
682
177
12
21
681
173
12
21
682
173
12
21
683
173
12
21
684
173
12
21
684
172
12
21
684
172
12
21
684
172
12
21
684
172
12
21
684
172
12
21
684
172
12
21
684
173
12
21
684
173
12
21
684
173
12
21
685
173
12
21
686
173
12
21
686
173
12
21
686
173
12
21
688
172
12
21
689
172
12
21
690
170
12
21
690
170
12
21
690
170
12
21
690
170
12
21
690
171
12
21
690
171
12
21
690
171
12
21
690
171
12
21
690
171
12
21
687
171
12
21
687
171
12
21
