0
708
376
96
12
21
376
96
12
21
376
96
12
21
376
96
12
21
376
96
12
21
376
96
12
21
376
96
12
21
376
96
12
21
376
96
12
21
376
96
12
21
376
96
12
21
376
96
12
21
376
96
12
21
377
95
12
21
377
95
12
21
376
95
12
21
376
95
12
21
376
95
12
21
377
95
12
21
377
95
12
21
377
95
12
21
377
95
12
21
377
95
12
21
382
95
12
21
382
95
12
21
382
95
12
21
382
95
12
21
382
94
12
21
382
94
12
21
383
93
12
21
383
93
12
21
383
93
12
21
383
94
12
21
383
94
12
21
383
94
12
21
383
95
12
21
383
95
12
21
383
95
12
21
383
95
12
21
383
95
12
21
383
95
12
21
383
95
12
21
382
96
12
21
382
96
12
21
382
96
12
21
382
96
12
21
382
96
12
21
383
95
12
21
387
94
12
21
387
94
12
21
387
94
12
21
387
94
12
21
387
94
12
21
387
94
12
21
387
94
12
21
387
94
12
21
387
94
12
21
387
94
12
21
387
94
12
21
387
95
12
21
387
95
12
21
387
96
12
21
387
96
12
21
387
96
12
21
387
96
12
21
388
96
12
21
388
96
12
21
388
96
12
21
389
96
12
21
390
96
12
21
391
96
12
21
392
96
12
21
392
96
12
21
392
96
12
21
392
96
12
21
393
96
12
21
394
95
12
21
394
95
12
21
394
95
12
21
395
94
12
21
395
94
12
21
395
94
12
21
394
94
12
21
394
94
12
21
393
94
12
21
393
94
12
21
393
94
12
21
393
94
12
21
393
94
12
21
394
96
12
21
395
96
12
21
396
96
12
21
395
96
12
21
395
96
12
21
396
95
12
21
397
95
12
21
397
95
12
21
397
95
12
21
397
95
12
21
397
95
12
21
397
94
12
21
397
94
12
21
397
94
12
21
397
94
12
21
397
94
12
21
397
94
12
21
397
94
12
21
397
94
12
21
397
94
12
21
396
95
12
21
396
95
12
21
396
95
12
21
396
95
12
21
396
95
12
21
397
95
12
21
397
96
12
21
398
95
12
21
398
95
12
21
399
94
12
21
399
94
12
21
399
93
12
21
399
93
12
21
399
93
12
21
400
93
12
21
400
94
12
21
400
94
12
21
400
94
12
21
400
94
12
21
400
94
12
21
400
94
12
21
401
94
12
21
401
94
12
21
401
94
12
21
401
94
12
21
401
94
12
21
401
94
12
21
401
94
12
21
402
94
12
21
403
94
12
21
404
93
12
21
405
93
12
21
405
93
12
21
405
93
12
21
405
93
12
21
405
93
12
21
406
93
12
21
406
93
12
21
406
93
12
21
406
92
12
21
406
92
12
21
405
92
12
21
404
92
12
21
404
92
12
21
404
92
12
21
404
92
12
21
404
93
12
21
404
93
12
21
404
93
12
21
404
93
12
21
404
93
12
21
405
94
12
21
405
94
12
21
405
94
12
21
406
94
12
21
406
94
12
21
406
94
12
21
406
94
12
21
406
94
12
21
407
93
12
21
407
93
12
21
407
93
12
21
409
94
12
21
409
94
12
21
409
94
12
21
409
94
12
21
409
95
12
21
409
95
12
21
409
95
12
21
409
95
12
21
409
96
12
21
409
96
12
21
409
96
12
21
409
96
12
21
409
96
12
21
409
95
12
21
409
95
12
21
409
95
12
21
410
95
12
21
411
95
12
21
412
95
12
21
412
94
12
21
413
94
12
21
413
94
12
21
414
94
12
21
414
94
12
21
414
94
12
21
414
94
12
21
413
94
12
21
414
93
12
21
414
93
12
21
414
93
12
21
414
93
12
21
414
94
12
21
414
95
12
21
414
94
12
21
414
95
12
21
415
95
12
21
415
95
12
21
416
95
12
21
416
95
12
21
416
95
12
21
416
95
12
21
414
93
12
21
414
93
12
21
414
93
12
21
414
93
12
21
414
93
12
21
416
94
12
21
416
94
12
21
416
94
12
21
416
92
12
21
416
92
12
21
416
92
12
21
415
92
12
21
414
92
12
21
414
92
12
21
414
92
12
21
414
93
12
21
415
93
12
21
415
93
12
21
415
93
12
21
415
93
12
21
415
93
12
21
417
94
12
21
417
94
12
21
417
94
12
21
417
94
12
21
418
94
12
21
419
94
12
21
419
94
12
21
419
94
12
21
419
94
12
21
419
94
12
21
419
94
12
21
419
94
12
21
419
94
12
21
419
94
12
21
419
94
12
21
420
94
12
21
420
94
12
21
420
94
12
21
420
94
12
21
420
94
12
21
420
94
12
21
420
94
12
21
420
94
12
21
421
94
12
21
422
94
12
21
423
94
12
21
423
93
12
21
423
93
12
21
424
92
12
21
424
92
12
21
424
92
12
21
424
92
12
21
424
92
12
21
424
92
12
21
424
92
12
21
424
92
12
21
424
92
12
21
424
92
12
21
423
92
12
21
423
92
12
21
423
92
12
21
423
92
12
21
423
92
12
21
424
91
12
21
424
91
12
21
424
91
12
21
424
92
12
21
425
91
12
21
425
91
12
21
426
91
12
21
427
91
12
21
427
91
12
21
427
91
12
21
427
91
12
21
427
91
12
21
427
91
12
21
433
92
12
21
433
93
12
21
433
93
12
21
433
93
12
21
433
93
12
21
432
93
12
21
432
93
12
21
432
93
12
21
432
93
12
21
433
93
12
21
434
93
12
21
435
92
12
21
436
92
12
21
436
92
12
21
436
92
12
21
436
92
12
21
436
92
12
21
437
92
12
21
438
92
12
21
439
92
12
21
439
92
12
21
439
92
12
21
439
92
12
21
439
92
12
21
439
92
12
21
439
92
12
21
439
92
12
21
439
91
12
21
439
91
12
21
439
91
12
21
439
91
12
21
439
91
12
21
439
92
12
21
439
92
12
21
439
92
12
21
439
92
12
21
440
92
12
21
440
92
12
21
441
92
12
21
441
92
12
21
442
91
12
21
445
91
12
21
445
91
12
21
445
91
12
21
445
91
12
21
445
91
12
21
445
91
12
21
445
91
12
21
445
91
12
21
445
91
12
21
445
91
12
21
445
91
12
21
445
91
12
21
444
91
12
21
444
91
12
21
443
91
12
21
443
91
12
21
444
91
12
21
444
91
12
21
445
91
12
21
445
91
12
21
445
91
12
21
446
91
12
21
446
91
12
21
446
91
12
21
446
91
12
21
447
91
12
21
448
91
12
21
448
91
12
21
448
91
12
21
448
90
12
21
448
90
12
21
448
90
12
21
448
89
12
21
448
89
12
21
448
89
12
21
448
89
12
21
448
89
12
21
448
89
12
21
449
90
12
21
449
90
12
21
450
90
12
21
450
91
12
21
449
91
12
21
449
91
12
21
449
91
12
21
450
91
12
21
451
91
12
21
452
91
12
21
453
91
12
21
454
90
12
21
455
90
12
21
456
90
12
21
457
90
12
21
457
89
12
21
457
89
12
21
457
89
12
21
457
89
12
21
456
89
12
21
456
89
12
21
456
90
12
21
455
90
12
21
455
90
12
21
455
90
12
21
455
90
12
21
455
90
12
21
456
90
12
21
456
90
12
21
457
90
12
21
458
90
12
21
459
90
12
21
460
89
12
21
460
89
12
21
460
89
12
21
460
89
12
21
460
89
12
21
460
89
12
21
460
89
12
21
460
89
12
21
460
89
12
21
460
89
12
21
460
89
12
21
460
89
12
21
458
94
12
21
458
94
12
21
458
94
12
21
459
94
12
21
459
94
12
21
459
94
12
21
459
93
12
21
459
93
12
21
459
93
12
21
459
93
12
21
459
93
12
21
459
93
12
21
460
93
12
21
461
92
12
21
462
92
12
21
462
92
12
21
462
92
12
21
462
92
12
21
462
92
12
21
462
92
12
21
462
92
12
21
461
92
12
21
459
93
12
21
459
93
12
21
459
93
12
21
460
93
12
21
460
94
12
21
460
94
12
21
461
94
12
21
461
94
12
21
460
94
12
21
459
94
12
21
459
94
12
21
460
94
12
21
461
94
12
21
462
94
12
21
463
94
12
21
463
94
12
21
463
94
12
21
463
94
12
21
464
94
12
21
464
100
12
21
465
99
12
21
465
100
12
21
465
100
12
21
465
100
12
21
465
100
12
21
464
101
12
21
470
104
12
21
470
104
12
21
471
105
12
21
472
105
12
21
472
105
12
21
472
107
12
21
474
107
12
21
474
108
12
21
475
108
12
21
475
108
12
21
476
108
12
21
476
108
12
21
477
108
12
21
478
108
12
21
479
108
12
21
480
108
12
21
481
107
12
21
481
107
12
21
481
107
12
21
481
107
12
21
483
107
12
21
483
107
12
21
483
107
12
21
483
107
12
21
484
109
12
21
485
109
12
21
486
109
12
21
487
109
12
21
489
109
12
21
490
109
12
21
491
109
12
21
492
109
12
21
493
109
12
21
494
108
12
21
495
108
12
21
496
108
12
21
496
108
12
21
497
108
12
21
499
108
12
21
500
108
12
21
500
108
12
21
500
108
12
21
500
108
12
21
500
108
12
21
501
108
12
21
502
108
12
21
504
107
12
21
505
107
12
21
507
107
12
21
508
107
12
21
508
107
12
21
508
107
12
21
508
107
12
21
509
107
12
21
511
107
12
21
513
107
12
21
515
107
12
21
517
108
12
21
518
108
12
21
519
107
12
21
519
106
12
21
519
106
12
21
519
106
12
21
519
106
12
21
519
106
12
21
519
107
12
21
520
106
12
21
521
106
12
21
522
106
12
21
523
106
12
21
524
106
12
21
525
106
12
21
526
106
12
21
527
106
12
21
528
106
12
21
528
106
12
21
529
106
12
21
530
106
12
21
531
106
12
21
533
106
12
21
534
106
12
21
535
105
12
21
536
104
12
21
536
104
12
21
537
104
12
21
538
104
12
21
539
104
12
21
543
104
12
21
544
104
12
21
544
104
12
21
545
104
12
21
546
104
12
21
547
104
12
21
547
104
12
21
547
104
12
21
547
103
12
21
548
103
12
21
549
103
12
21
550
103
12
21
551
103
12
21
552
103
12
21
553
102
12
21
554
102
12
21
555
102
12
21
556
102
12
21
557
102
12
21
563
105
12
21
565
105
12
21
567
105
12
21
568
105
12
21
568
105
12
21
569
105
12
21
567
104
12
21
567
104
12
21
567
104
12
21
568
104
12
21
568
104
12
21
568
104
12
21
569
104
12
21
571
103
12
21
572
103
12
21
573
103
12
21
573
103
12
21
573
103
12
21
576
103
12
21
577
103
12
21
579
103
12
21
580
103
12
21
582
103
12
21
583
103
12
21
583
103
12
21
584
103
12
21
585
103
12
21
585
103
12
21
585
103
12
21
585
103
12
21
586
103
12
21
586
104
12
21
587
104
12
21
588
104
12
21
590
104
12
21
590
104
12
21
591
104
12
21
592
103
12
21
592
103
12
21
593
103
12
21
594
103
12
21
598
103
12
21
598
103
12
21
600
103
12
21
600
102
12
21
601
102
12
21
601
102
12
21
602
102
12
21
603
102
12
21
604
102
12
21
604
101
12
21
605
101
12
21
605
100
12
21
606
100
12
21
612
101
12
21
612
101
12
21
612
101
12
21
612
102
12
21
612
102
12
21
612
102
12
21
614
102
12
21
615
102
12
21
616
102
12
21
617
102
12
21
618
102
12
21
619
102
12
21
620
102
12
21
621
102
12
21
622
102
12
21
624
100
12
21
625
99
12
21
626
98
12
21
627
97
12
21
627
97
12
21
628
96
12
21
628
96
12
21
629
96
12
21
630
96
12
21
630
96
12
21
631
96
12
21
631
96
12
21
636
103
12
21
636
103
12
21
637
103
12
21
638
105
12
21
639
105
12
21
640
105
12
21
641
105
12
21
642
105
12
21
643
104
12
21
644
104
12
21
645
103
12
21
646
103
12
21
647
103
12
21
647
103
12
21
648
103
12
21
649
103
12
21
649
103
12
21
649
103
12
21
650
103
12
21
650
103
12
21
651
103
12
21
651
103
12
21
652
103
12
21
654
102
12
21
654
104
12
21
655
104
12
21
656
104
12
21
657
104
12
21
658
104
12
21
662
102
12
21
662
102
12
21
663
102
12
21
663
102
12
21
664
102
12
21
665
102
12
21
667
102
12
21
668
102
12
21
669
102
12
21
669
102
12
21
669
102
12
21
669
102
12
21
673
98
12
21
673
98
12
21
674
98
12
21
674
98
12
21
675
98
12
21
676
98
12
21
677
98
12
21
677
98
12
21
676
99
12
21
679
99
12
21
680
99
12
21
680
99
12
21
680
100
12
21
681
100
12
21
681
100
12
21
682
100
12
21
682
100
12
21
690
99
12
21
690
99
12
21
690
100
12
21
