0
1204
304
33
12
21
304
33
12
21
304
33
12
21
304
33
12
21
304
33
12
21
304
33
12
21
304
33
12
21
304
33
12
21
304
33
12
21
304
33
12
21
304
33
12
21
305
33
12
21
305
33
12
21
306
33
12
21
306
33
12
21
305
34
12
21
305
34
12
21
310
33
12
21
311
33
12
21
311
33
12
21
312
33
12
21
312
33
12
21
313
33
12
21
313
33
12
21
313
33
12
21
314
33
12
21
314
33
12
21
315
33
12
21
314
33
12
21
315
33
12
21
315
33
12
21
315
33
12
21
315
33
12
21
315
33
12
21
315
33
12
21
315
33
12
21
315
33
12
21
315
33
12
21
315
33
12
21
316
33
12
21
316
33
12
21
318
35
12
21
318
36
12
21
318
36
12
21
318
36
12
21
319
36
12
21
320
36
12
21
321
36
12
21
322
36
12
21
323
36
12
21
324
36
12
21
324
35
12
21
324
35
12
21
324
35
12
21
324
35
12
21
324
35
12
21
324
35
12
21
325
35
12
21
325
35
12
21
325
35
12
21
326
35
12
21
327
35
12
21
327
35
12
21
327
35
12
21
330
37
12
21
330
37
12
21
330
37
12
21
331
37
12
21
331
37
12
21
332
37
12
21
333
37
12
21
333
37
12
21
333
37
12
21
333
37
12
21
333
37
12
21
333
37
12
21
334
37
12
21
334
37
12
21
334
37
12
21
335
37
12
21
335
37
12
21
335
38
12
21
335
38
12
21
335
38
12
21
334
38
12
21
334
38
12
21
334
38
12
21
334
39
12
21
334
39
12
21
334
39
12
21
335
39
12
21
336
39
12
21
336
40
12
21
336
40
12
21
337
40
12
21
338
40
12
21
339
39
12
21
339
39
12
21
339
39
12
21
339
39
12
21
339
39
12
21
339
39
12
21
339
39
12
21
339
39
12
21
339
39
12
21
345
41
12
21
345
41
12
21
345
41
12
21
347
40
12
21
347
41
12
21
347
41
12
21
346
42
12
21
346
42
12
21
346
43
12
21
347
43
12
21
347
44
12
21
348
44
12
21
349
44
12
21
350
44
12
21
350
44
12
21
346
47
12
21
346
47
12
21
346
47
12
21
346
47
12
21
346
47
12
21
346
47
12
21
346
47
12
21
346
47
12
21
346
47
12
21
346
47
12
21
346
47
12
21
346
47
12
21
346
47
12
21
346
47
12
21
346
47
12
21
348
49
12
21
348
50
12
21
349
50
12
21
350
50
12
21
351
50
12
21
352
50
12
21
352
50
12
21
352
50
12
21
351
50
12
21
351
50
12
21
351
49
12
21
351
48
12
21
351
48
12
21
352
48
12
21
352
48
12
21
352
48
12
21
352
48
12
21
352
48
12
21
352
48
12
21
352
48
12
21
351
48
12
21
352
48
12
21
352
48
12
21
352
48
12
21
352
48
12
21
353
48
12
21
353
48
12
21
354
48
12
21
355
47
12
21
355
47
12
21
356
47
12
21
356
46
12
21
357
46
12
21
358
46
12
21
359
46
12
21
359
46
12
21
359
46
12
21
359
46
12
21
359
46
12
21
359
46
12
21
360
46
12
21
360
46
12
21
360
46
12
21
360
46
12
21
359
46
12
21
359
46
12
21
359
46
12
21
358
46
12
21
358
46
12
21
358
46
12
21
358
46
12
21
358
46
12
21
359
45
12
21
360
44
12
21
361
44
12
21
362
46
12
21
362
46
12
21
362
46
12
21
362
46
12
21
362
46
12
21
362
46
12
21
362
46
12
21
362
46
12
21
362
46
12
21
362
46
12
21
362
46
12
21
362
46
12
21
364
48
12
21
364
49
12
21
364
49
12
21
365
50
12
21
366
50
12
21
367
50
12
21
368
50
12
21
368
50
12
21
368
50
12
21
368
50
12
21
368
50
12
21
368
50
12
21
368
50
12
21
368
50
12
21
368
51
12
21
369
51
12
21
369
51
12
21
370
51
12
21
370
51
12
21
370
51
12
21
370
51
12
21
370
51
12
21
370
51
12
21
370
51
12
21
370
51
12
21
371
51
12
21
372
51
12
21
372
51
12
21
370
53
12
21
371
54
12
21
371
55
12
21
371
55
12
21
371
55
12
21
371
55
12
21
372
55
12
21
373
55
12
21
374
55
12
21
374
55
12
21
374
55
12
21
374
55
12
21
374
55
12
21
374
55
12
21
374
58
12
21
374
58
12
21
374
58
12
21
374
58
12
21
375
58
12
21
375
58
12
21
375
58
12
21
375
58
12
21
375
58
12
21
375
58
12
21
375
58
12
21
375
58
12
21
375
58
12
21
376
58
12
21
376
58
12
21
380
60
12
21
380
60
12
21
380
60
12
21
380
60
12
21
380
60
12
21
381
60
12
21
382
60
12
21
383
60
12
21
384
60
12
21
385
60
12
21
386
60
12
21
386
61
12
21
386
62
12
21
386
62
12
21
386
63
12
21
386
63
12
21
387
63
12
21
387
63
12
21
388
64
12
21
389
64
12
21
390
64
12
21
391
64
12
21
391
64
12
21
392
64
12
21
392
64
12
21
393
64
12
21
393
64
12
21
394
64
12
21
394
64
12
21
395
63
12
21
395
63
12
21
395
63
12
21
396
63
12
21
396
63
12
21
396
64
12
21
395
64
12
21
395
65
12
21
395
65
12
21
396
65
12
21
397
65
12
21
398
66
12
21
399
68
12
21
400
68
12
21
400
69
12
21
400
69
12
21
400
69
12
21
400
69
12
21
401
68
12
21
402
68
12
21
403
68
12
21
403
68
12
21
403
68
12
21
403
68
12
21
403
68
12
21
403
68
12
21
403
68
12
21
403
68
12
21
406
70
12
21
406
70
12
21
407
71
12
21
407
72
12
21
408
72
12
21
408
73
12
21
408
74
12
21
408
74
12
21
408
74
12
21
409
74
12
21
410
74
12
21
411
74
12
21
412
74
12
21
413
74
12
21
414
73
12
21
415
73
12
21
415
73
12
21
415
73
12
21
416
73
12
21
416
74
12
21
416
75
12
21
417
75
12
21
418
75
12
21
418
76
12
21
418
77
12
21
416
79
12
21
416
80
12
21
416
81
12
21
416
82
12
21
417
82
12
21
418
82
12
21
419
82
12
21
420
82
12
21
421
82
12
21
421
81
12
21
421
81
12
21
421
81
12
21
421
81
12
21
421
81
12
21
422
81
12
21
422
81
12
21
422
83
12
21
422
83
12
21
423
83
12
21
423
82
12
21
423
82
12
21
423
82
12
21
423
83
12
21
423
83
12
21
423
83
12
21
422
84
12
21
422
84
12
21
423
84
12
21
424
84
12
21
425
84
12
21
425
84
12
21
427
87
12
21
426
87
12
21
426
87
12
21
427
86
12
21
428
86
12
21
429
86
12
21
430
86
12
21
431
86
12
21
431
86
12
21
431
86
12
21
430
86
12
21
430
86
12
21
430
86
12
21
429
86
12
21
428
87
12
21
427
87
12
21
427
88
12
21
429
89
12
21
428
90
12
21
426
90
12
21
427
90
12
21
426
90
12
21
425
91
12
21
425
91
12
21
425
91
12
21
432
94
12
21
433
94
12
21
434
94
12
21
434
94
12
21
434
94
12
21
434
94
12
21
434
94
12
21
434
94
12
21
433
94
12
21
433
92
12
21
433
92
12
21
433
92
12
21
433
92
12
21
433
92
12
21
433
92
12
21
432
92
12
21
432
93
12
21
432
93
12
21
432
93
12
21
432
93
12
21
432
93
12
21
432
93
12
21
432
93
12
21
431
93
12
21
430
93
12
21
429
93
12
21
429
93
12
21
429
93
12
21
429
93
12
21
430
93
12
21
430
93
12
21
431
95
12
21
431
95
12
21
430
95
12
21
430
95
12
21
428
95
12
21
430
98
12
21
429
99
12
21
429
100
12
21
429
100
12
21
430
100
12
21
431
101
12
21
431
101
12
21
431
101
12
21
431
101
12
21
430
102
12
21
429
102
12
21
429
102
12
21
429
102
12
21
430
102
12
21
431
102
12
21
431
102
12
21
431
102
12
21
431
102
12
21
431
102
12
21
430
102
12
21
430
102
12
21
430
102
12
21
429
102
12
21
428
102
12
21
428
103
12
21
427
103
12
21
426
104
12
21
425
104
12
21
424
105
12
21
424
105
12
21
423
106
12
21
423
106
12
21
423
106
12
21
423
106
12
21
423
106
12
21
423
106
12
21
423
107
12
21
423
107
12
21
422
108
12
21
422
108
12
21
422
108
12
21
425
111
12
21
425
111
12
21
425
111
12
21
424
111
12
21
423
112
12
21
423
112
12
21
423
112
12
21
422
112
12
21
421
112
12
21
420
113
12
21
420
114
12
21
420
115
12
21
420
115
12
21
420
115
12
21
420
116
12
21
419
116
12
21
419
117
12
21
419
117
12
21
418
117
12
21
418
116
12
21
418
116
12
21
418
116
12
21
418
116
12
21
416
119
12
21
416
120
12
21
416
120
12
21
415
121
12
21
414
122
12
21
413
122
12
21
412
122
12
21
412
122
12
21
412
122
12
21
412
122
12
21
412
123
12
21
412
123
12
21
412
123
12
21
410
124
12
21
409
124
12
21
408
125
12
21
408
125
12
21
408
125
12
21
408
125
12
21
409
125
12
21
409
126
12
21
409
126
12
21
409
126
12
21
408
126
12
21
407
126
12
21
406
127
12
21
405
126
12
21
404
127
12
21
403
127
12
21
403
127
12
21
403
127
12
21
403
127
12
21
402
127
12
21
401
127
12
21
400
127
12
21
399
127
12
21
398
127
12
21
398
127
12
21
397
127
12
21
397
127
12
21
397
127
12
21
392
130
12
21
392
131
12
21
392
131
12
21
392
131
12
21
392
131
12
21
392
131
12
21
392
131
12
21
391
131
12
21
391
131
12
21
390
131
12
21
389
131
12
21
388
131
12
21
388
131
12
21
387
131
12
21
386
131
12
21
385
131
12
21
384
131
12
21
383
132
12
21
383
133
12
21
383
133
12
21
382
133
12
21
381
133
12
21
381
133
12
21
380
133
12
21
380
133
12
21
380
133
12
21
380
133
12
21
380
133
12
21
380
133
12
21
380
133
12
21
379
133
12
21
378
133
12
21
378
133
12
21
377
133
12
21
375
133
12
21
374
133
12
21
373
133
12
21
372
133
12
21
370
134
12
21
370
134
12
21
370
134
12
21
370
135
12
21
369
135
12
21
369
135
12
21
369
135
12
21
368
135
12
21
367
135
12
21
367
135
12
21
367
135
12
21
367
135
12
21
367
135
12
21
367
135
12
21
366
135
12
21
365
135
12
21
364
135
12
21
363
134
12
21
362
134
12
21
361
134
12
21
360
134
12
21
358
134
12
21
357
134
12
21
356
134
12
21
356
134
12
21
356
134
12
21
356
134
12
21
355
134
12
21
356
140
12
21
356
140
12
21
356
140
12
21
356
140
12
21
356
140
12
21
356
140
12
21
355
140
12
21
355
140
12
21
354
140
12
21
353
140
12
21
353
140
12
21
353
140
12
21
353
140
12
21
353
140
12
21
352
140
12
21
352
140
12
21
352
140
12
21
351
140
12
21
350
140
12
21
349
140
12
21
348
141
12
21
348
141
12
21
348
141
12
21
348
141
12
21
347
141
12
21
345
140
12
21
345
141
12
21
340
150
12
21
340
150
12
21
340
150
12
21
341
150
12
21
341
150
12
21
341
150
12
21
341
150
12
21
340
150
12
21
339
150
12
21
338
150
12
21
337
150
12
21
337
150
12
21
336
150
12
21
336
150
12
21
335
150
12
21
334
150
12
21
334
151
12
21
333
152
12
21
333
152
12
21
331
152
12
21
331
153
12
21
331
153
12
21
331
155
12
21
330
155
12
21
330
155
12
21
330
155
12
21
330
155
12
21
330
155
12
21
330
155
12
21
329
155
12
21
329
154
12
21
328
154
12
21
328
154
12
21
327
154
12
21
327
154
12
21
325
154
12
21
325
155
12
21
324
155
12
21
324
156
12
21
323
157
12
21
323
157
12
21
319
161
12
21
317
159
12
21
317
159
12
21
317
159
12
21
316
159
12
21
315
159
12
21
315
159
12
21
314
159
12
21
316
160
12
21
316
160
12
21
317
160
12
21
316
160
12
21
315
160
12
21
314
160
12
21
313
160
12
21
313
160
12
21
312
160
12
21
310
160
12
21
309
160
12
21
308
160
12
21
307
160
12
21
307
160
12
21
306
160
12
21
306
160
12
21
305
160
12
21
306
165
12
21
305
165
12
21
304
165
12
21
304
166
12
21
304
166
12
21
303
166
12
21
303
166
12
21
302
166
12
21
301
166
12
21
301
166
12
21
300
167
12
21
299
167
12
21
299
167
12
21
298
167
12
21
297
167
12
21
296
167
12
21
295
167
12
21
294
167
12
21
293
169
12
21
292
169
12
21
291
169
12
21
290
169
12
21
290
170
12
21
289
170
12
21
288
172
12
21
288
174
12
21
288
175
12
21
288
175
12
21
287
175
12
21
287
175
12
21
286
175
12
21
286
175
12
21
286
175
12
21
289
171
12
21
289
171
12
21
288
171
12
21
287
171
12
21
285
171
12
21
284
171
12
21
283
172
12
21
281
172
12
21
280
172
12
21
279
172
12
21
279
172
12
21
279
174
12
21
279
174
12
21
279
174
12
21
279
175
12
21
277
174
12
21
276
174
12
21
275
174
12
21
275
174
12
21
275
174
12
21
274
175
12
21
274
175
12
21
273
175
12
21
273
175
12
21
273
175
12
21
273
175
12
21
272
175
12
21
272
175
12
21
271
175
12
21
270
175
12
21
269
175
12
21
268
175
12
21
268
175
12
21
267
174
12
21
267
175
12
21
266
175
12
21
266
175
12
21
266
175
12
21
266
175
12
21
265
175
12
21
264
176
12
21
263
180
12
21
262
180
12
21
262
180
12
21
262
180
12
21
262
180
12
21
262
180
12
21
262
180
12
21
262
180
12
21
261
180
12
21
261
180
12
21
261
180
12
21
259
180
12
21
258
180
12
21
257
180
12
21
256
180
12
21
255
180
12
21
255
180
12
21
254
180
12
21
253
180
12
21
252
180
12
21
251
180
12
21
250
181
12
21
250
181
12
21
250
181
12
21
250
182
12
21
250
182
12
21
251
182
12
21
250
182
12
21
250
182
12
21
249
182
12
21
249
182
12
21
249
182
12
21
248
182
12
21
247
182
12
21
246
182
12
21
245
182
12
21
244
183
12
21
244
184
12
21
244
185
12
21
243
185
12
21
242
186
12
21
233
185
12
21
232
185
12
21
231
185
12
21
231
185
12
21
231
185
12
21
231
185
12
21
230
185
12
21
230
185
12
21
229
185
12
21
228
185
12
21
228
185
12
21
227
185
12
21
227
185
12
21
227
185
12
21
227
185
12
21
227
185
12
21
226
185
12
21
225
185
12
21
224
184
12
21
222
185
12
21
221
185
12
21
220
185
12
21
219
185
12
21
219
185
12
21
219
185
12
21
218
185
12
21
217
185
12
21
216
185
12
21
216
185
12
21
215
185
12
21
214
185
12
21
214
185
12
21
214
185
12
21
213
185
12
21
212
185
12
21
212
185
12
21
211
185
12
21
211
185
12
21
210
185
12
21
209
185
12
21
209
185
12
21
212
190
12
21
211
190
12
21
209
190
12
21
208
190
12
21
208
190
12
21
207
190
12
21
207
190
12
21
206
190
12
21
205
190
12
21
203
190
12
21
202
190
12
21
202
190
12
21
202
190
12
21
201
190
12
21
201
190
12
21
201
190
12
21
201
190
12
21
199
190
12
21
198
190
12
21
197
190
12
21
196
190
12
21
195
190
12
21
194
190
12
21
194
190
12
21
194
190
12
21
193
190
12
21
193
190
12
21
192
191
12
21
190
191
12
21
189
191
12
21
188
191
12
21
187
191
12
21
187
191
12
21
187
191
12
21
187
191
12
21
187
191
12
21
187
191
12
21
187
191
12
21
187
190
12
21
186
190
12
21
186
190
12
21
184
193
12
21
184
193
12
21
183
194
12
21
182
195
12
21
181
195
12
21
180
195
12
21
179
195
12
21
177
195
12
21
176
195
12
21
175
195
12
21
175
195
12
21
174
195
12
21
174
195
12
21
174
196
12
21
173
197
12
21
173
197
12
21
172
197
12
21
171
197
12
21
170
197
12
21
170
197
12
21
169
197
12
21
169
197
12
21
169
197
12
21
169
196
12
21
169
196
12
21
168
194
12
21
167
193
12
21
166
193
12
21
165
193
12
21
164
193
12
21
163
193
12
21
162
194
12
21
161
195
12
21
160
195
12
21
159
195
12
21
158
195
12
21
157
195
12
21
156
195
12
21
155
195
12
21
154
195
12
21
154
195
12
21
156
200
12
21
156
200
12
21
156
200
12
21
156
201
12
21
154
201
12
21
153
201
12
21
152
201
12
21
152
200
12
21
152
200
12
21
151
200
12
21
150
200
12
21
149
200
12
21
148
200
12
21
147
200
12
21
146
200
12
21
145
200
12
21
144
200
12
21
143
201
12
21
143
201
12
21
143
202
12
21
143
202
12
21
143
202
12
21
143
202
12
21
143
202
12
21
143
202
12
21
143
202
12
21
142
202
12
21
142
202
12
21
142
202
12
21
142
201
12
21
141
201
12
21
141
201
12
21
141
201
12
21
140
201
12
21
139
201
12
21
138
201
12
21
136
201
12
21
135
201
12
21
134
201
12
21
134
202
12
21
134
202
12
21
130
204
12
21
129
204
12
21
128
204
12
21
127
204
12
21
126
203
12
21
125
202
12
21
125
202
12
21
125
202
12
21
125
202
12
21
125
202
12
21
125
202
12
21
125
202
12
21
125
202
12
21
124
202
12
21
123
202
12
21
122
202
12
21
122
202
12
21
121
203
12
21
120
203
12
21
120
204
12
21
119
204
12
21
118
205
12
21
118
205
12
21
117
206
12
21
117
206
12
21
116
206
12
21
116
206
12
21
116
206
12
21
116
206
12
21
116
206
12
21
110
206
12
21
110
206
12
21
110
206
12
21
109
206
12
21
108
206
12
21
108
206
12
21
107
206
12
21
106
206
12
21
105
206
12
21
104
207
12
21
103
206
12
21
102
206
12
21
102
207
12
21
102
207
12
21
102
207
12
21
101
207
12
21
100
207
12
21
100
207
12
21
100
207
12
21
99
208
12
21
98
207
12
21
97
207
12
21
97
207
12
21
97
207
12
21
97
206
12
21
97
206
12
21
96
206
12
21
96
206
12
21
95
206
12
21
94
206
12
21
94
206
12
21
94
206
12
21
93
206
12
21
92
206
12
21
91
206
12
21
89
206
12
21
88
206
12
21
88
206
12
21
88
206
12
21
88
206
12
21
87
206
12
21
86
209
12
21
85
209
12
21
84
209
12
21
83
209
12
21
82
209
12
21
82
209
12
21
82
209
12
21
82
209
12
21
82
209
12
21
81
209
12
21
81
209
12
21
80
209
12
21
79
209
12
21
78
209
12
21
77
209
12
21
77
207
12
21
77
207
12
21
77
207
12
21
76
207
12
21
76
207
12
21
74
208
12
21
73
208
12
21
72
208
12
21
72
208
12
21
72
208
12
21
72
208
12
21
72
208
12
21
72
208
12
21
72
208
12
21
72
208
12
21
71
208
12
21
71
208
12
21
71
208
12
21
71
208
12
21
70
208
12
21
69
208
12
21
69
208
12
21
69
208
12
21
68
208
12
21
68
209
12
21
61
211
12
21
59
211
12
21
58
211
12
21
57
210
12
21
56
210
12
21
55
211
12
21
54
211
12
21
54
211
12
21
53
211
12
21
53
211
12
21
53
211
12
21
53
211
12
21
52
211
12
21
52
210
12
21
52
210
12
21
52
210
12
21
52
210
12
21
51
210
12
21
50
210
12
21
50
210
12
21
48
211
12
21
47
211
12
21
46
210
12
21
46
210
12
21
46
210
12
21
46
210
12
21
46
210
12
21
45
210
12
21
44
210
12
21
43
210
12
21
42
211
12
21
42
211
12
21
41
211
12
21
40
211
12
21
40
211
12
21
40
211
12
21
40
211
12
21
40
211
12
21
40
211
12
21
40
211
12
21
39
211
12
21
37
214
12
21
36
214
12
21
35
213
12
21
34
213
12
21
33
213
12
21
32
213
12
21
32
213
12
21
31
214
12
21
30
214
12
21
29
216
12
21
28
217
12
21
28
217
12
21
27
217
12
21
26
217
12
21
26
217
12
21
26
217
12
21
26
217
12
21
26
217
12
21
25
217
12
21
24
216
12
21
23
215
12
21
23
214
12
21
23
213
12
21
23
212
12
21
23
212
12
21
23
212
12
21
23
212
12
21
23
212
12
21
23
212
12
21
22
212
12
21
20
212
12
21
18
212
12
21
17
212
12
21
16
212
12
21
15
212
12
21
15
212
12
21
15
212
12
21
15
212
12
21
15
212
12
21
15
212
12
21
15
212
12
21
13
214
12
21
13
214
12
21
13
214
12
21
12
214
12
21
12
214
12
21
11
214
12
21
10
214
12
21
9
214
12
21
8
214
12
21
8
214
12
21
7
214
12
21
6
214
12
21
6
214
12
21
6
214
12
21
5
214
12
21
4
214
12
21
2
214
12
21
2
214
12
21
2
215
12
21
2
215
12
21
2
215
12
21
2
215
12
21
2
215
12
21
2
212
12
21
2
213
12
21
2
212
12
21
2
212
12
21
2
213
12
21
2
213
12
21
3
214
12
21
3
214
12
21
3
214
12
21
3
214
12
21
3
214
12
21
1
214
12
21
