0
1204
333
63
12
21
333
63
12
21
333
63
12
21
333
63
12
21
333
63
12
21
333
63
12
21
333
63
12
21
333
63
12
21
333
63
12
21
333
63
12
21
333
63
12
21
334
63
12
21
334
63
12
21
335
63
12
21
335
63
12
21
334
64
12
21
334
64
12
21
334
64
12
21
334
64
12
21
334
64
12
21
334
64
12
21
335
64
12
21
335
64
12
21
335
64
12
21
335
64
12
21
335
64
12
21
335
64
12
21
336
63
12
21
337
62
12
21
337
62
12
21
337
61
12
21
337
61
12
21
337
61
12
21
337
61
12
21
337
61
12
21
337
61
12
21
337
61
12
21
337
61
12
21
337
61
12
21
337
61
12
21
337
61
12
21
339
67
12
21
339
67
12
21
339
67
12
21
339
67
12
21
339
67
12
21
340
67
12
21
340
67
12
21
341
67
12
21
342
67
12
21
343
67
12
21
343
67
12
21
343
67
12
21
343
67
12
21
343
67
12
21
343
67
12
21
343
67
12
21
343
67
12
21
343
67
12
21
343
67
12
21
343
68
12
21
343
68
12
21
343
68
12
21
343
68
12
21
343
68
12
21
343
68
12
21
343
68
12
21
344
68
12
21
345
68
12
21
346
68
12
21
347
68
12
21
347
68
12
21
347
68
12
21
347
68
12
21
347
68
12
21
348
68
12
21
349
68
12
21
349
68
12
21
349
68
12
21
350
68
12
21
350
68
12
21
350
68
12
21
352
68
12
21
352
68
12
21
352
68
12
21
352
68
12
21
352
68
12
21
352
69
12
21
352
69
12
21
352
69
12
21
353
69
12
21
354
69
12
21
354
69
12
21
354
69
12
21
355
68
12
21
357
68
12
21
358
67
12
21
358
67
12
21
358
66
12
21
358
66
12
21
358
66
12
21
358
66
12
21
358
66
12
21
358
66
12
21
358
66
12
21
359
66
12
21
359
66
12
21
359
66
12
21
359
66
12
21
359
66
12
21
359
66
12
21
359
66
12
21
360
66
12
21
361
67
12
21
362
67
12
21
362
68
12
21
363
68
12
21
364
68
12
21
365
68
12
21
365
68
12
21
366
68
12
21
366
68
12
21
366
68
12
21
372
70
12
21
372
70
12
21
372
71
12
21
372
71
12
21
372
71
12
21
372
71
12
21
372
71
12
21
372
71
12
21
372
71
12
21
373
71
12
21
373
72
12
21
374
72
12
21
375
72
12
21
375
73
12
21
376
73
12
21
377
73
12
21
378
73
12
21
379
73
12
21
379
73
12
21
379
73
12
21
379
73
12
21
379
73
12
21
380
73
12
21
381
73
12
21
381
74
12
21
382
74
12
21
382
75
12
21
382
76
12
21
382
78
12
21
382
80
12
21
382
82
12
21
382
83
12
21
382
84
12
21
383
84
12
21
383
84
12
21
384
84
12
21
384
84
12
21
385
84
12
21
385
84
12
21
385
84
12
21
385
84
12
21
387
86
12
21
388
85
12
21
389
84
12
21
389
84
12
21
389
83
12
21
389
83
12
21
389
82
12
21
389
82
12
21
389
82
12
21
389
82
12
21
389
82
12
21
389
82
12
21
389
82
12
21
389
82
12
21
390
82
12
21
390
82
12
21
390
82
12
21
390
82
12
21
390
82
12
21
390
82
12
21
390
83
12
21
390
83
12
21
390
83
12
21
391
82
12
21
392
82
12
21
393
82
12
21
393
82
12
21
393
82
12
21
393
82
12
21
393
82
12
21
393
82
12
21
393
82
12
21
393
82
12
21
393
82
12
21
393
82
12
21
393
82
12
21
393
82
12
21
393
82
12
21
393
82
12
21
393
83
12
21
394
83
12
21
399
87
12
21
400
86
12
21
401
86
12
21
402
86
12
21
402
86
12
21
402
86
12
21
402
86
12
21
402
86
12
21
402
86
12
21
402
86
12
21
402
86
12
21
403
86
12
21
404
86
12
21
405
86
12
21
406
86
12
21
406
86
12
21
406
87
12
21
406
87
12
21
405
87
12
21
405
87
12
21
405
87
12
21
405
87
12
21
406
88
12
21
407
88
12
21
407
88
12
21
407
88
12
21
407
88
12
21
407
88
12
21
408
88
12
21
408
88
12
21
408
88
12
21
409
88
12
21
410
88
12
21
411
88
12
21
411
88
12
21
411
88
12
21
412
88
12
21
412
88
12
21
412
88
12
21
412
88
12
21
412
88
12
21
413
90
12
21
413
90
12
21
413
90
12
21
413
90
12
21
413
90
12
21
414
90
12
21
414
90
12
21
414
91
12
21
414
91
12
21
414
91
12
21
414
91
12
21
415
91
12
21
416
91
12
21
416
90
12
21
417
90
12
21
417
90
12
21
417
90
12
21
417
90
12
21
417
90
12
21
417
90
12
21
417
90
12
21
417
90
12
21
417
90
12
21
417
90
12
21
417
91
12
21
419
91
12
21
419
91
12
21
419
91
12
21
419
91
12
21
419
91
12
21
419
91
12
21
420
91
12
21
420
91
12
21
420
92
12
21
422
92
12
21
422
92
12
21
422
92
12
21
422
92
12
21
422
93
12
21
422
92
12
21
422
92
12
21
422
92
12
21
422
91
12
21
422
91
12
21
422
90
12
21
422
90
12
21
422
90
12
21
421
90
12
21
421
90
12
21
420
91
12
21
422
91
12
21
422
91
12
21
422
91
12
21
423
91
12
21
423
91
12
21
424
91
12
21
424
91
12
21
423
91
12
21
423
91
12
21
424
91
12
21
425
91
12
21
426
91
12
21
427
91
12
21
427
91
12
21
427
91
12
21
427
91
12
21
427
92
12
21
427
90
12
21
427
92
12
21
427
92
12
21
428
92
12
21
428
92
12
21
428
93
12
21
428
93
12
21
429
93
12
21
429
93
12
21
429
93
12
21
428
94
12
21
428
94
12
21
428
94
12
21
428
95
12
21
429
94
12
21
429
94
12
21
430
93
12
21
431
92
12
21
431
92
12
21
431
92
12
21
431
92
12
21
431
92
12
21
432
92
12
21
432
92
12
21
432
92
12
21
433
90
12
21
433
90
12
21
433
90
12
21
433
90
12
21
433
90
12
21
433
90
12
21
433
90
12
21
433
90
12
21
433
90
12
21
434
90
12
21
435
90
12
21
435
90
12
21
435
90
12
21
435
90
12
21
435
90
12
21
435
90
12
21
435
90
12
21
435
90
12
21
435
90
12
21
435
90
12
21
435
90
12
21
435
90
12
21
435
90
12
21
435
90
12
21
436
93
12
21
436
94
12
21
435
94
12
21
434
95
12
21
434
95
12
21
434
95
12
21
434
95
12
21
434
96
12
21
435
96
12
21
435
96
12
21
434
97
12
21
433
97
12
21
433
97
12
21
433
97
12
21
433
97
12
21
434
97
12
21
434
98
12
21
434
98
12
21
434
98
12
21
434
98
12
21
434
98
12
21
434
98
12
21
434
98
12
21
434
98
12
21
433
98
12
21
432
98
12
21
431
98
12
21
431
98
12
21
430
99
12
21
429
99
12
21
428
99
12
21
427
98
12
21
426
99
12
21
426
99
12
21
426
99
12
21
426
100
12
21
426
101
12
21
427
101
12
21
428
101
12
21
428
101
12
21
428
101
12
21
429
105
12
21
428
105
12
21
427
105
12
21
426
104
12
21
426
105
12
21
426
105
12
21
426
105
12
21
426
105
12
21
426
105
12
21
425
105
12
21
423
104
12
21
423
104
12
21
423
104
12
21
423
104
12
21
423
104
12
21
423
104
12
21
422
105
12
21
422
105
12
21
421
105
12
21
421
105
12
21
420
105
12
21
419
105
12
21
419
105
12
21
420
104
12
21
421
104
12
21
421
104
12
21
421
103
12
21
420
103
12
21
419
103
12
21
418
103
12
21
417
103
12
21
415
104
12
21
415
104
12
21
415
104
12
21
416
104
12
21
416
104
12
21
416
104
12
21
415
104
12
21
415
104
12
21
414
104
12
21
413
104
12
21
413
110
12
21
413
110
12
21
413
110
12
21
413
110
12
21
413
110
12
21
413
110
12
21
412
110
12
21
412
110
12
21
412
110
12
21
411
109
12
21
411
109
12
21
411
108
12
21
410
108
12
21
409
108
12
21
408
108
12
21
407
109
12
21
407
109
12
21
406
109
12
21
405
109
12
21
404
111
12
21
404
111
12
21
404
111
12
21
404
111
12
21
404
111
12
21
404
111
12
21
404
111
12
21
403
109
12
21
402
109
12
21
401
109
12
21
401
109
12
21
401
109
12
21
401
108
12
21
401
108
12
21
401
108
12
21
400
108
12
21
399
108
12
21
399
108
12
21
397
109
12
21
396
109
12
21
395
109
12
21
394
109
12
21
394
115
12
21
394
116
12
21
394
116
12
21
394
115
12
21
393
115
12
21
393
115
12
21
393
115
12
21
392
115
12
21
392
114
12
21
392
114
12
21
392
113
12
21
392
112
12
21
392
112
12
21
392
112
12
21
392
112
12
21
391
112
12
21
390
112
12
21
389
112
12
21
388
112
12
21
387
112
12
21
387
112
12
21
387
113
12
21
387
113
12
21
387
113
12
21
386
113
12
21
384
114
12
21
383
114
12
21
382
115
12
21
382
115
12
21
381
115
12
21
382
115
12
21
382
115
12
21
382
116
12
21
381
116
12
21
381
116
12
21
380
116
12
21
380
116
12
21
378
116
12
21
378
116
12
21
377
116
12
21
376
116
12
21
375
118
12
21
375
118
12
21
375
118
12
21
374
118
12
21
373
118
12
21
372
119
12
21
372
119
12
21
371
119
12
21
371
119
12
21
371
119
12
21
371
120
12
21
371
120
12
21
371
120
12
21
371
120
12
21
371
120
12
21
371
120
12
21
371
120
12
21
370
120
12
21
370
120
12
21
370
120
12
21
369
120
12
21
368
120
12
21
368
120
12
21
367
120
12
21
367
120
12
21
367
120
12
21
367
120
12
21
367
120
12
21
366
120
12
21
366
120
12
21
366
120
12
21
366
120
12
21
366
122
12
21
365
122
12
21
365
122
12
21
364
122
12
21
364
122
12
21
364
122
12
21
364
122
12
21
364
122
12
21
364
122
12
21
362
124
12
21
362
124
12
21
361
124
12
21
360
124
12
21
359
125
12
21
358
125
12
21
357
125
12
21
356
126
12
21
356
126
12
21
355
126
12
21
355
127
12
21
355
127
12
21
355
127
12
21
355
127
12
21
354
127
12
21
354
127
12
21
353
128
12
21
353
128
12
21
353
128
12
21
353
128
12
21
353
128
12
21
353
128
12
21
352
128
12
21
351
128
12
21
350
128
12
21
349
128
12
21
348
128
12
21
348
128
12
21
347
128
12
21
346
128
12
21
345
128
12
21
344
129
12
21
343
130
12
21
343
130
12
21
342
130
12
21
342
130
12
21
341
130
12
21
340
130
12
21
340
131
12
21
340
131
12
21
340
131
12
21
339
139
12
21
339
139
12
21
339
138
12
21
339
138
12
21
338
138
12
21
338
138
12
21
338
138
12
21
338
138
12
21
337
138
12
21
337
138
12
21
336
138
12
21
336
138
12
21
336
138
12
21
336
138
12
21
335
138
12
21
334
138
12
21
333
139
12
21
333
139
12
21
333
139
12
21
333
140
12
21
332
140
12
21
331
140
12
21
331
140
12
21
330
140
12
21
329
140
12
21
329
140
12
21
329
140
12
21
329
140
12
21
329
140
12
21
329
140
12
21
329
140
12
21
329
140
12
21
328
140
12
21
327
140
12
21
326
140
12
21
326
140
12
21
326
140
12
21
325
140
12
21
325
140
12
21
324
140
12
21
323
141
12
21
319
141
12
21
318
142
12
21
317
143
12
21
317
143
12
21
317
143
12
21
317
143
12
21
317
143
12
21
317
143
12
21
318
143
12
21
318
143
12
21
318
143
12
21
316
142
12
21
316
142
12
21
315
142
12
21
315
142
12
21
314
141
12
21
313
141
12
21
312
141
12
21
312
142
12
21
311
142
12
21
311
143
12
21
310
143
12
21
310
143
12
21
310
143
12
21
309
143
12
21
309
143
12
21
309
143
12
21
309
143
12
21
308
143
12
21
307
143
12
21
306
143
12
21
306
143
12
21
307
142
12
21
307
143
12
21
306
143
12
21
305
143
12
21
304
143
12
21
303
143
12
21
303
143
12
21
302
143
12
21
301
143
12
21
298
148
12
21
297
148
12
21
296
148
12
21
296
148
12
21
295
148
12
21
294
148
12
21
293
148
12
21
292
148
12
21
291
148
12
21
291
149
12
21
290
149
12
21
290
149
12
21
290
149
12
21
290
149
12
21
290
149
12
21
290
149
12
21
290
149
12
21
290
150
12
21
289
150
12
21
288
150
12
21
288
150
12
21
287
151
12
21
286
151
12
21
285
151
12
21
284
151
12
21
282
152
12
21
281
152
12
21
280
152
12
21
279
152
12
21
279
152
12
21
279
152
12
21
278
152
12
21
278
152
12
21
281
158
12
21
281
158
12
21
281
158
12
21
281
158
12
21
280
158
12
21
280
158
12
21
279
158
12
21
279
158
12
21
279
157
12
21
279
157
12
21
278
157
12
21
277
157
12
21
276
156
12
21
275
157
12
21
274
157
12
21
273
157
12
21
272
157
12
21
272
157
12
21
272
157
12
21
272
158
12
21
272
158
12
21
272
158
12
21
271
157
12
21
270
157
12
21
269
157
12
21
269
157
12
21
269
157
12
21
269
158
12
21
269
158
12
21
269
158
12
21
269
158
12
21
269
158
12
21
268
158
12
21
267
158
12
21
267
158
12
21
266
158
12
21
262
164
12
21
261
164
12
21
260
164
12
21
259
164
12
21
258
165
12
21
257
165
12
21
256
165
12
21
256
165
12
21
256
165
12
21
256
165
12
21
256
165
12
21
255
165
12
21
254
166
12
21
253
166
12
21
252
166
12
21
252
166
12
21
252
166
12
21
252
166
12
21
252
166
12
21
252
166
12
21
251
166
12
21
250
166
12
21
250
166
12
21
249
166
12
21
248
166
12
21
248
166
12
21
247
167
12
21
246
167
12
21
246
168
12
21
245
169
12
21
244
169
12
21
243
169
12
21
242
170
12
21
241
170
12
21
240
170
12
21
240
170
12
21
239
170
12
21
240
170
12
21
240
169
12
21
240
169
12
21
240
169
12
21
242
171
12
21
242
171
12
21
242
171
12
21
241
171
12
21
240
171
12
21
239
171
12
21
237
171
12
21
236
171
12
21
236
171
12
21
235
171
12
21
234
171
12
21
233
171
12
21
232
171
12
21
231
171
12
21
230
171
12
21
230
171
12
21
230
171
12
21
230
171
12
21
229
171
12
21
229
171
12
21
228
171
12
21
227
171
12
21
226
171
12
21
225
171
12
21
224
171
12
21
224
171
12
21
224
171
12
21
224
171
12
21
224
171
12
21
223
171
12
21
222
171
12
21
220
171
12
21
219
171
12
21
218
172
12
21
218
172
12
21
218
172
12
21
217
172
12
21
217
172
12
21
217
172
12
21
216
172
12
21
215
172
12
21
213
179
12
21
212
179
12
21
212
179
12
21
212
179
12
21
211
179
12
21
211
179
12
21
211
179
12
21
210
180
12
21
210
180
12
21
210
180
12
21
209
180
12
21
208
180
12
21
207
180
12
21
206
180
12
21
205
180
12
21
203
180
12
21
203
180
12
21
203
181
12
21
202
181
12
21
201
181
12
21
200
181
12
21
199
181
12
21
198
181
12
21
198
181
12
21
198
181
12
21
197
181
12
21
197
181
12
21
197
181
12
21
197
181
12
21
196
181
12
21
195
181
12
21
194
181
12
21
193
181
12
21
192
181
12
21
191
181
12
21
191
181
12
21
191
181
12
21
190
181
12
21
190
181
12
21
189
182
12
21
187
182
12
21
186
188
12
21
185
188
12
21
184
188
12
21
184
188
12
21
184
188
12
21
184
188
12
21
183
188
12
21
183
188
12
21
183
188
12
21
183
187
12
21
182
187
12
21
182
187
12
21
182
187
12
21
182
187
12
21
181
187
12
21
180
188
12
21
179
188
12
21
178
188
12
21
177
188
12
21
175
187
12
21
174
187
12
21
173
187
12
21
172
187
12
21
172
187
12
21
172
187
12
21
172
188
12
21
172
188
12
21
172
188
12
21
171
188
12
21
171
188
12
21
170
188
12
21
169
188
12
21
168
188
12
21
168
188
12
21
168
188
12
21
168
188
12
21
168
188
12
21
168
188
12
21
167
188
12
21
166
188
12
21
165
188
12
21
164
187
12
21
163
188
12
21
162
188
12
21
161
189
12
21
160
189
12
21
160
189
12
21
159
190
12
21
158
190
12
21
157
190
12
21
156
190
12
21
156
190
12
21
157
190
12
21
157
190
12
21
157
190
12
21
157
190
12
21
156
190
12
21
155
190
12
21
154
190
12
21
153
190
12
21
153
190
12
21
153
190
12
21
153
190
12
21
152
190
12
21
152
190
12
21
151
190
12
21
150
190
12
21
149
190
12
21
148
190
12
21
147
190
12
21
146
190
12
21
146
190
12
21
146
190
12
21
145
190
12
21
144
190
12
21
144
190
12
21
143
190
12
21
143
190
12
21
142
190
12
21
141
190
12
21
141
190
12
21
140
190
12
21
137
192
12
21
136
192
12
21
136
192
12
21
136
192
12
21
135
192
12
21
134
192
12
21
133
192
12
21
132
192
12
21
131
192
12
21
130
192
12
21
130
192
12
21
129
194
12
21
129
194
12
21
128
194
12
21
128
194
12
21
127
194
12
21
126
194
12
21
126
194
12
21
126
194
12
21
126
194
12
21
126
194
12
21
126
194
12
21
125
194
12
21
125
194
12
21
125
194
12
21
124
194
12
21
123
194
12
21
122
194
12
21
121
194
12
21
120
194
12
21
119
194
12
21
118
196
12
21
117
196
12
21
116
196
12
21
115
196
12
21
114
196
12
21
114
196
12
21
114
196
12
21
114
196
12
21
114
196
12
21
114
196
12
21
112
197
12
21
111
197
12
21
111
197
12
21
111
197
12
21
111
197
12
21
111
196
12
21
110
196
12
21
109
196
12
21
108
196
12
21
107
196
12
21
106
196
12
21
106
196
12
21
105
196
12
21
104
196
12
21
103
196
12
21
102
197
12
21
101
197
12
21
100
197
12
21
99
197
12
21
99
197
12
21
98
198
12
21
98
197
12
21
97
197
12
21
97
197
12
21
97
197
12
21
97
196
12
21
97
196
12
21
97
196
12
21
97
196
12
21
96
196
12
21
95
196
12
21
95
196
12
21
95
196
12
21
94
196
12
21
93
196
12
21
92
196
12
21
91
196
12
21
90
196
12
21
90
196
12
21
90
196
12
21
90
196
12
21
85
200
12
21
85
200
12
21
84
201
12
21
83
201
12
21
82
201
12
21
81
201
12
21
81
201
12
21
81
202
12
21
81
202
12
21
81
202
12
21
80
202
12
21
80
202
12
21
78
202
12
21
77
202
12
21
76
202
12
21
75
202
12
21
75
202
12
21
75
202
12
21
75
202
12
21
74
203
12
21
74
203
12
21
72
204
12
21
71
204
12
21
69
205
12
21
69
205
12
21
68
205
12
21
68
205
12
21
68
205
12
21
68
205
12
21
68
205
12
21
68
205
12
21
67
205
12
21
67
205
12
21
67
205
12
21
66
205
12
21
65
205
12
21
64
205
12
21
64
205
12
21
63
205
12
21
62
205
12
21
62
206
12
21
60
207
12
21
59
206
12
21
58
206
12
21
57
206
12
21
56
206
12
21
56
206
12
21
55
206
12
21
55
206
12
21
54
206
12
21
54
206
12
21
54
206
12
21
54
206
12
21
53
207
12
21
52
207
12
21
52
207
12
21
52
207
12
21
52
207
12
21
51
207
12
21
50
207
12
21
50
207
12
21
48
208
12
21
47
208
12
21
46
208
12
21
45
208
12
21
45
208
12
21
45
208
12
21
45
208
12
21
44
208
12
21
43
208
12
21
42
208
12
21
41
208
12
21
41
208
12
21
40
208
12
21
39
208
12
21
39
208
12
21
39
208
12
21
39
208
12
21
39
208
12
21
39
208
12
21
39
208
12
21
38
208
12
21
37
206
12
21
36
206
12
21
36
205
12
21
35
205
12
21
34
205
12
21
33
205
12
21
32
205
12
21
31
205
12
21
30
205
12
21
29
205
12
21
28
205
12
21
28
205
12
21
28
205
12
21
28
205
12
21
28
205
12
21
27
206
12
21
27
206
12
21
26
206
12
21
26
206
12
21
25
206
12
21
24
206
12
21
24
205
12
21
24
205
12
21
24
204
12
21
24
204
12
21
24
204
12
21
24
204
12
21
24
204
12
21
23
204
12
21
22
204
12
21
21
206
12
21
20
206
12
21
19
206
12
21
18
207
12
21
17
208
12
21
17
208
12
21
17
208
12
21
17
208
12
21
17
209
12
21
18
209
12
21
18
209
12
21
13
212
12
21
12
212
12
21
12
211
12
21
11
211
12
21
11
211
12
21
10
211
12
21
9
211
12
21
8
211
12
21
7
211
12
21
7
211
12
21
6
211
12
21
6
211
12
21
6
211
12
21
6
211
12
21
5
211
12
21
4
212
12
21
3
212
12
21
2
212
12
21
2
212
12
21
2
212
12
21
2
211
12
21
2
211
12
21
2
211
12
21
2
211
12
21
2
211
12
21
2
211
12
21
0
211
12
21
0
211
12
21
0
211
12
21
0
211
12
21
0
211
12
21
0
210
12
21
0
210
12
21
2
210
12
21
1
210
12
21
