640
732
689
252
12
21
688
253
12
21
687
253
12
21
685
253
12
21
685
253
12
21
684
253
12
21
684
253
12
21
683
254
12
21
681
255
12
21
681
256
12
21
680
257
12
21
680
258
12
21
679
259
12
21
679
259
12
21
679
259
12
21
678
260
12
21
678
260
12
21
678
260
12
21
678
260
12
21
677
260
12
21
676
260
12
21
676
260
12
21
675
261
12
21
674
261
12
21
677
263
12
21
676
263
12
21
674
263
12
21
673
264
12
21
672
265
12
21
671
266
12
21
670
267
12
21
670
267
12
21
670
267
12
21
669
267
12
21
670
269
12
21
670
269
12
21
670
269
12
21
669
269
12
21
668
269
12
21
667
269
12
21
667
269
12
21
668
269
12
21
668
270
12
21
667
272
12
21
667
272
12
21
667
272
12
21
666
272
12
21
666
272
12
21
665
273
12
21
663
273
12
21
661
274
12
21
660
274
12
21
659
274
12
21
659
274
12
21
658
274
12
21
657
274
12
21
656
274
12
21
655
274
12
21
654
274
12
21
653
275
12
21
652
276
12
21
652
276
12
21
651
276
12
21
651
276
12
21
650
276
12
21
649
282
12
21
649
282
12
21
649
283
12
21
648
283
12
21
648
283
12
21
648
283
12
21
648
284
12
21
648
284
12
21
647
284
12
21
646
284
12
21
645
286
12
21
645
286
12
21
644
286
12
21
643
287
12
21
643
288
12
21
642
288
12
21
641
289
12
21
642
290
12
21
641
290
12
21
641
290
12
21
641
290
12
21
641
290
12
21
640
290
12
21
640
290
12
21
639
290
12
21
639
290
12
21
639
290
12
21
639
291
12
21
638
291
12
21
637
291
12
21
636
292
12
21
635
293
12
21
634
294
12
21
633
295
12
21
633
296
12
21
633
296
12
21
633
297
12
21
633
297
12
21
633
297
12
21
632
298
12
21
631
297
12
21
625
300
12
21
623
300
12
21
623
300
12
21
623
301
12
21
623
302
12
21
623
302
12
21
623
302
12
21
623
302
12
21
623
302
12
21
622
302
12
21
621
302
12
21
620
302
12
21
619
303
12
21
618
303
12
21
617
303
12
21
616
303
12
21
615
303
12
21
614
303
12
21
613
303
12
21
613
303
12
21
613
303
12
21
613
304
12
21
613
304
12
21
612
304
12
21
611
304
12
21
610
305
12
21
608
306
12
21
608
306
12
21
608
306
12
21
608
306
12
21
608
306
12
21
608
306
12
21
608
306
12
21
607
306
12
21
606
306
12
21
605
306
12
21
604
306
12
21
603
307
12
21
602
307
12
21
601
308
12
21
600
308
12
21
600
311
12
21
599
312
12
21
597
312
12
21
596
312
12
21
595
313
12
21
594
313
12
21
593
313
12
21
593
313
12
21
592
313
12
21
592
312
12
21
592
312
12
21
591
312
12
21
591
312
12
21
591
312
12
21
591
312
12
21
590
314
12
21
588
314
12
21
587
314
12
21
585
314
12
21
584
314
12
21
583
314
12
21
582
314
12
21
581
314
12
21
580
314
12
21
580
314
12
21
579
314
12
21
578
314
12
21
577
314
12
21
577
314
12
21
582
314
12
21
582
314
12
21
581
314
12
21
580
314
12
21
579
314
12
21
578
314
12
21
577
314
12
21
576
314
12
21
576
314
12
21
576
314
12
21
576
314
12
21
576
314
12
21
576
314
12
21
575
314
12
21
574
314
12
21
572
316
12
21
571
316
12
21
571
316
12
21
571
316
12
21
571
316
12
21
571
316
12
21
571
316
12
21
571
316
12
21
570
317
12
21
570
317
12
21
569
317
12
21
568
317
12
21
568
317
12
21
568
317
12
21
567
317
12
21
567
317
12
21
567
317
12
21
567
317
12
21
567
317
12
21
567
317
12
21
567
316
12
21
567
316
12
21
566
316
12
21
565
316
12
21
564
316
12
21
563
316
12
21
564
314
12
21
564
314
12
21
564
314
12
21
563
314
12
21
563
314
12
21
562
314
12
21
562
314
12
21
562
314
12
21
562
314
12
21
562
314
12
21
562
314
12
21
562
314
12
21
562
314
12
21
561
314
12
21
561
314
12
21
560
314
12
21
560
314
12
21
560
314
12
21
560
314
12
21
560
314
12
21
560
314
12
21
560
314
12
21
560
314
12
21
559
315
12
21
558
315
12
21
557
316
12
21
557
316
12
21
557
316
12
21
557
316
12
21
557
316
12
21
558
316
12
21
558
316
12
21
558
316
12
21
558
316
12
21
558
315
12
21
557
315
12
21
557
315
12
21
557
315
12
21
557
315
12
21
557
315
12
21
557
315
12
21
561
313
12
21
561
313
12
21
560
313
12
21
559
313
12
21
559
313
12
21
559
313
12
21
559
313
12
21
559
314
12
21
559
314
12
21
559
314
12
21
559
314
12
21
559
314
12
21
559
314
12
21
559
315
12
21
559
315
12
21
559
315
12
21
558
315
12
21
558
315
12
21
558
315
12
21
558
315
12
21
559
314
12
21
559
314
12
21
559
313
12
21
559
313
12
21
558
313
12
21
558
313
12
21
557
313
12
21
556
313
12
21
555
313
12
21
555
313
12
21
555
313
12
21
554
313
12
21
554
313
12
21
553
314
12
21
552
315
12
21
552
315
12
21
552
315
12
21
553
315
12
21
554
315
12
21
554
315
12
21
554
315
12
21
553
320
12
21
552
320
12
21
552
320
12
21
552
320
12
21
552
320
12
21
552
320
12
21
552
320
12
21
552
320
12
21
551
320
12
21
551
320
12
21
550
320
12
21
549
320
12
21
548
320
12
21
548
321
12
21
548
321
12
21
548
321
12
21
548
321
12
21
548
321
12
21
548
321
12
21
548
321
12
21
548
321
12
21
548
321
12
21
548
321
12
21
548
321
12
21
548
321
12
21
549
321
12
21
548
321
12
21
549
321
12
21
549
321
12
21
549
321
12
21
549
321
12
21
548
321
12
21
547
320
12
21
547
320
12
21
547
320
12
21
547
320
12
21
548
320
12
21
548
320
12
21
548
320
12
21
549
320
12
21
548
320
12
21
547
322
12
21
547
322
12
21
548
322
12
21
549
322
12
21
549
322
12
21
549
322
12
21
550
321
12
21
550
321
12
21
550
321
12
21
550
321
12
21
550
321
12
21
550
321
12
21
550
320
12
21
550
320
12
21
550
320
12
21
550
320
12
21
550
319
12
21
550
319
12
21
550
319
12
21
550
319
12
21
550
319
12
21
550
319
12
21
550
319
12
21
550
319
12
21
550
319
12
21
550
319
12
21
550
319
12
21
551
319
12
21
552
319
12
21
552
319
12
21
552
318
12
21
552
318
12
21
552
318
12
21
552
318
12
21
551
318
12
21
551
318
12
21
551
318
12
21
551
318
12
21
551
318
12
21
551
319
12
21
551
319
12
21
547
319
12
21
547
319
12
21
547
319
12
21
547
319
12
21
547
320
12
21
547
320
12
21
547
320
12
21
547
320
12
21
547
320
12
21
550
317
12
21
550
317
12
21
550
317
12
21
550
317
12
21
550
317
12
21
550
317
12
21
550
317
12
21
550
317
12
21
550
317
12
21
549
317
12
21
548
317
12
21
547
317
12
21
547
317
12
21
547
317
12
21
547
317
12
21
547
317
12
21
547
317
12
21
547
317
12
21
546
317
12
21
545
318
12
21
545
318
12
21
545
318
12
21
546
318
12
21
547
318
12
21
548
318
12
21
548
318
12
21
548
318
12
21
548
318
12
21
547
318
12
21
547
318
12
21
547
318
12
21
546
318
12
21
546
318
12
21
546
318
12
21
546
318
12
21
546
318
12
21
546
318
12
21
545
319
12
21
544
319
12
21
543
320
12
21
543
320
12
21
548
319
12
21
548
319
12
21
548
319
12
21
549
319
12
21
549
319
12
21
549
319
12
21
549
319
12
21
549
319
12
21
549
319
12
21
549
319
12
21
548
319
12
21
548
319
12
21
548
319
12
21
548
319
12
21
548
319
12
21
548
319
12
21
547
319
12
21
546
319
12
21
546
319
12
21
546
319
12
21
546
319
12
21
546
320
12
21
546
321
12
21
546
321
12
21
546
321
12
21
546
322
12
21
546
323
12
21
547
323
12
21
547
324
12
21
547
324
12
21
548
324
12
21
548
324
12
21
548
324
12
21
548
324
12
21
548
324
12
21
548
324
12
21
548
325
12
21
547
325
12
21
547
325
12
21
547
325
12
21
547
325
12
21
547
323
12
21
547
323
12
21
547
323
12
21
545
323
12
21
545
323
12
21
545
324
12
21
545
324
12
21
545
324
12
21
545
324
12
21
545
324
12
21
545
324
12
21
546
324
12
21
547
324
12
21
547
324
12
21
547
324
12
21
547
324
12
21
547
324
12
21
547
324
12
21
548
323
12
21
548
323
12
21
548
323
12
21
548
323
12
21
548
323
12
21
555
323
12
21
555
323
12
21
555
323
12
21
556
323
12
21
556
323
12
21
556
323
12
21
556
323
12
21
557
323
12
21
558
323
12
21
559
323
12
21
559
323
12
21
559
323
12
21
559
323
12
21
559
322
12
21
560
321
12
21
561
321
12
21
561
320
12
21
562
320
12
21
562
320
12
21
563
320
12
21
563
320
12
21
563
320
12
21
563
320
12
21
562
320
12
21
561
321
12
21
561
321
12
21
561
321
12
21
560
321
12
21
561
321
12
21
561
321
12
21
561
321
12
21
562
321
12
21
562
329
12
21
562
330
12
21
562
330
12
21
562
330
12
21
562
330
12
21
562
329
12
21
563
329
12
21
563
329
12
21
563
328
12
21
563
328
12
21
563
328
12
21
563
328
12
21
563
328
12
21
563
328
12
21
563
328
12
21
564
328
12
21
564
328
12
21
563
329
12
21
563
329
12
21
563
329
12
21
563
329
12
21
563
329
12
21
564
328
12
21
564
328
12
21
564
328
12
21
565
327
12
21
565
327
12
21
570
324
12
21
570
324
12
21
570
324
12
21
571
324
12
21
572
324
12
21
573
324
12
21
574
324
12
21
574
324
12
21
574
324
12
21
574
324
12
21
574
324
12
21
574
324
12
21
574
324
12
21
575
324
12
21
576
323
12
21
577
323
12
21
578
323
12
21
578
323
12
21
578
323
12
21
578
323
12
21
579
323
12
21
580
323
12
21
581
323
12
21
582
322
12
21
583
322
12
21
584
322
12
21
584
322
12
21
584
322
12
21
584
322
12
21
584
322
12
21
584
321
12
21
584
319
12
21
584
319
12
21
584
318
12
21
585
318
12
21
586
317
12
21
586
317
12
21
586
317
12
21
586
317
12
21
586
317
12
21
586
317
12
21
588
313
12
21
588
313
12
21
589
313
12
21
590
313
12
21
591
312
12
21
591
312
12
21
591
312
12
21
591
312
12
21
592
312
12
21
593
312
12
21
593
312
12
21
594
311
12
21
595
311
12
21
596
311
12
21
596
311
12
21
596
311
12
21
595
311
12
21
595
311
12
21
595
311
12
21
595
311
12
21
596
311
12
21
597
311
12
21
598
311
12
21
599
311
12
21
600
311
12
21
601
311
12
21
602
311
12
21
603
311
12
21
603
311
12
21
603
311
12
21
604
311
12
21
606
310
12
21
607
309
12
21
608
309
12
21
608
308
12
21
608
308
12
21
608
308
12
21
608
308
12
21
607
308
12
21
607
308
12
21
607
308
12
21
607
307
12
21
608
307
12
21
609
307
12
21
609
309
12
21
609
310
12
21
609
310
12
21
608
310
12
21
608
310
12
21
608
310
12
21
608
310
12
21
608
310
12
21
609
310
12
21
609
310
12
21
609
310
12
21
609
310
12
21
609
310
12
21
609
310
12
21
609
310
12
21
609
310
12
21
610
310
12
21
610
310
12
21
609
310
12
21
609
310
12
21
609
310
12
21
609
310
12
21
609
310
12
21
609
310
12
21
609
310
12
21
609
310
12
21
609
310
12
21
611
306
12
21
611
306
12
21
611
306
12
21
611
306
12
21
611
306
12
21
610
306
12
21
610
306
12
21
611
306
12
21
611
306
12
21
611
306
12
21
611
306
12
21
611
306
12
21
611
306
12
21
610
306
12
21
609
306
12
21
608
306
12
21
607
306
12
21
607
307
12
21
607
307
12
21
607
307
12
21
607
307
12
21
608
307
12
21
608
308
12
21
608
308
12
21
608
308
12
21
608
308
12
21
608
308
12
21
609
308
12
21
609
308
12
21
609
308
12
21
608
308
12
21
608
308
12
21
608
308
12
21
608
308
12
21
608
308
12
21
608
308
12
21
607
308
12
21
607
308
12
21
608
308
12
21
609
308
12
21
609
308
12
21
609
308
12
21
609
308
12
21
609
308
12
21
608
308
12
21
607
308
12
21
606
308
12
21
606
308
12
21
606
308
12
21
607
308
12
21
607
308
12
21
607
308
12
21
607
308
12
21
608
308
12
21
608
308
12
21
608
308
12
21
608
307
12
21
608
307
12
21
608
306
12
21
608
306
12
21
608
306
12
21
607
306
12
21
607
306
12
21
606
306
12
21
606
306
12
21
606
306
12
21
