0
105
472
240
24
45
473
240
24
45
473
240
24
45
473
240
24
45
473
240
24
45
473
240
24
45
473
243
24
45
472
243
24
45
470
244
24
45
470
245
24
45
470
244
24
45
471
245
24
45
470
246
24
45
470
247
24
45
467
246
24
45
467
246
24
45
465
246
24
45
465
246
24
45
464
245
24
45
465
245
24
45
465
245
24
45
466
245
24
45
467
244
24
45
467
244
24
45
474
242
24
45
476
242
24
45
477
242
24
45
478
242
24
45
478
243
24
45
477
243
24
45
479
243
24
45
479
243
24
45
480
243
24
45
481
244
24
45
481
246
24
45
482
246
24
45
483
245
24
45
484
245
24
45
484
245
24
45
484
245
24
45
485
245
24
45
485
246
24
45
485
248
24
45
485
250
24
45
486
252
24
45
486
255
24
45
487
256
24
45
489
257
24
45
491
257
24
45
494
257
24
45
497
257
24
45
499
257
24
45
501
257
24
45
502
258
24
45
502
260
24
45
503
262
24
45
503
264
24
45
502
266
24
45
503
268
24
45
504
268
24
45
506
269
24
45
508
270
24
45
510
271
24
45
513
271
24
45
515
272
24
45
517
274
24
45
519
275
24
45
525
284
24
45
527
286
24
45
530
286
24
45
531
283
24
45
534
283
24
45
537
283
24
45
540
283
24
45
543
283
24
45
545
284
24
45
548
284
24
45
550
286
24
45
552
287
24
45
554
289
24
45
556
291
24
45
557
292
24
45
558
292
24
45
559
292
24
45
559
292
24
45
559
291
24
45
560
291
24
45
561
291
24
45
562
293
24
45
563
294
24
45
567
302
24
45
569
302
24
45
570
304
24
45
572
305
24
45
574
307
24
45
577
307
24
45
579
308
24
45
581
307
24
45
583
307
24
45
585
307
24
45
586
307
24
45
589
307
24
45
591
308
24
45
593
308
24
45
594
310
24
45
