0
362
317
246
24
45
316
244
24
45
317
244
24
45
317
244
24
45
317
244
24
45
317
244
24
45
314
244
24
45
312
243
24
45
311
244
24
45
311
244
24
45
311
243
24
45
310
243
24
45
310
244
24
45
311
245
24
45
310
245
24
45
310
245
24
45
309
245
24
45
309
245
24
45
309
245
24
45
310
245
24
45
309
245
24
45
309
245
24
45
309
244
24
45
309
244
24
45
308
242
24
45
309
242
24
45
310
242
24
45
310
242
24
45
310
240
24
45
310
240
24
45
309
239
24
45
306
239
24
45
306
239
24
45
306
239
24
45
304
239
24
45
304
238
24
45
304
237
24
45
304
235
24
45
304
234
24
45
303
234
24
45
304
227
24
45
303
227
24
45
300
227
24
45
298
227
24
45
298
227
24
45
298
229
24
45
298
228
24
45
299
228
24
45
298
226
24
45
299
225
24
45
301
225
24
45
301
225
24
45
302
224
24
45
301
224
24
45
299
224
24
45
298
224
24
45
296
224
24
45
294
224
24
45
293
224
24
45
292
224
24
45
292
224
24
45
291
224
24
45
291
224
24
45
291
224
24
45
291
224
24
45
295
226
24
45
294
226
24
45
294
227
24
45
293
228
24
45
293
229
24
45
292
227
24
45
295
229
24
45
295
229
24
45
296
229
24
45
296
227
24
45
296
227
24
45
297
226
24
45
297
225
24
45
297
226
24
45
297
226
24
45
297
227
24
45
293
225
24
45
292
225
24
45
290
225
24
45
289
225
24
45
288
224
24
45
287
224
24
45
286
224
24
45
286
225
24
45
286
226
24
45
285
227
24
45
287
227
24
45
289
228
24
45
290
228
24
45
291
228
24
45
292
226
24
45
293
227
24
45
293
226
24
45
293
226
24
45
293
226
24
45
292
226
24
45
293
226
24
45
294
226
24
45
295
226
24
45
294
226
24
45
293
226
24
45
292
226
24
45
292
226
24
45
291
226
24
45
290
226
24
45
289
227
24
45
289
227
24
45
289
227
24
45
290
227
24
45
290
228
24
45
291
229
24
45
291
231
24
45
292
231
24
45
292
231
24
45
292
231
24
45
292
231
24
45
292
231
24
45
293
231
24
45
294
230
24
45
294
230
24
45
294
230
24
45
293
232
24
45
293
232
24
45
293
232
24
45
293
232
24
45
293
233
24
45
293
233
24
45
292
233
24
45
291
233
24
45
291
233
24
45
291
233
24
45
291
234
24
45
292
235
24
45
293
235
24
45
295
237
24
45
296
237
24
45
298
237
24
45
300
237
24
45
302
237
24
45
303
236
24
45
305
235
24
45
306
235
24
45
306
235
24
45
306
235
24
45
306
236
24
45
304
237
24
45
303
242
24
45
303
242
24
45
303
242
24
45
302
243
24
45
302
243
24
45
302
243
24
45
303
243
24
45
304
243
24
45
306
243
24
45
307
243
24
45
307
244
24
45
308
243
24
45
310
243
24
45
311
242
24
45
311
242
24
45
312
242
24
45
312
242
24
45
310
249
24
45
310
249
24
45
312
249
24
45
313
249
24
45
314
247
24
45
315
247
24
45
310
242
24
45
310
243
24
45
309
244
24
45
314
247
24
45
313
247
24
45
313
247
24
45
312
247
24
45
313
247
24
45
313
248
24
45
314
247
24
45
315
247
24
45
316
247
24
45
318
247
24
45
320
247
24
45
321
247
24
45
322
247
24
45
322
248
24
45
322
248
24
45
322
248
24
45
323
248
24
45
324
249
24
45
325
249
24
45
326
249
24
45
326
249
24
45
325
249
24
45
324
250
24
45
323
251
24
45
322
253
24
45
322
253
24
45
319
254
24
45
320
254
24
45
321
254
24
45
322
254
24
45
322
255
24
45
322
255
24
45
322
255
24
45
323
255
24
45
322
256
24
45
320
258
24
45
320
258
24
45
321
258
24
45
322
257
24
45
324
256
24
45
324
254
24
45
324
254
24
45
322
256
24
45
320
257
24
45
320
257
24
45
318
257
24
45
318
257
24
45
317
257
24
45
317
257
24
45
316
257
24
45
321
253
24
45
320
255
24
45
320
255
24
45
320
255
24
45
320
255
24
45
320
255
24
45
320
255
24
45
321
256
24
45
321
256
24
45
323
255
24
45
323
255
24
45
323
255
24
45
323
255
24
45
322
255
24
45
322
255
24
45
322
255
24
45
321
255
24
45
321
254
24
45
322
252
24
45
322
252
24
45
322
252
24
45
321
254
24
45
320
254
24
45
321
255
24
45
321
255
24
45
322
254
24
45
323
254
24
45
323
254
24
45
323
253
24
45
323
253
24
45
323
253
24
45
323
252
24
45
325
253
24
45
324
252
24
45
324
252
24
45
324
253
24
45
323
252
24
45
322
251
24
45
321
250
24
45
325
253
24
45
325
253
24
45
325
253
24
45
325
253
24
45
325
253
24
45
325
253
24
45
325
252
24
45
326
250
24
45
325
250
24
45
324
250
24
45
322
250
24
45
320
250
24
45
318
250
24
45
315
250
24
45
316
249
24
45
318
249
24
45
320
249
24
45
321
249
24
45
322
248
24
45
323
248
24
45
323
247
24
45
323
247
24
45
323
247
24
45
323
247
24
45
323
247
24
45
323
247
24
45
322
247
24
45
320
247
24
45
319
248
24
45
318
247
24
45
317
245
24
45
316
245
24
45
315
245
24
45
315
245
24
45
316
244
24
45
317
244
24
45
318
244
24
45
319
243
24
45
319
243
24
45
320
243
24
45
319
243
24
45
316
243
24
45
314
243
24
45
314
241
24
45
315
240
24
45
314
239
24
45
314
239
24
45
312
239
24
45
311
238
24
45
309
238
24
45
309
238
24
45
317
244
24
45
317
243
24
45
315
243
24
45
314
243
24
45
313
243
24
45
311
243
24
45
310
243
24
45
309
244
24
45
309
244
24
45
310
242
24
45
310
243
24
45
311
242
24
45
312
242
24
45
313
241
24
45
314
241
24
45
311
241
24
45
311
241
24
45
310
241
24
45
309
241
24
45
309
241
24
45
307
239
24
45
305
239
24
45
303
239
24
45
302
238
24
45
300
238
24
45
298
238
24
45
297
238
24
45
297
238
24
45
297
238
24
45
297
238
24
45
296
239
24
45
296
239
24
45
296
239
24
45
295
239
24
45
295
239
24
45
296
239
24
45
296
240
24
45
295
240
24
45
294
240
24
45
293
238
24
45
294
238
24
45
295
236
24
45
295
235
24
45
295
235
24
45
294
235
24
45
