0
185
282
245
21
43
282
244
21
43
282
244
21
43
282
245
21
43
282
246
21
43
282
247
21
43
283
247
21
43
283
249
21
43
283
250
21
43
285
250
21
43
289
247
21
43
290
249
21
43
289
249
21
43
290
250
21
43
289
251
21
43
289
251
21
43
289
253
21
43
289
254
21
43
290
255
21
43
291
255
21
43
292
255
21
43
293
255
21
43
294
254
21
43
294
254
21
43
295
255
21
43
294
257
21
43
295
261
21
43
296
262
21
43
297
263
21
43
297
265
21
43
297
265
21
43
296
265
21
43
297
265
21
43
297
265
21
43
294
266
21
43
294
266
21
43
294
268
21
43
294
269
21
43
295
270
21
43
295
270
21
43
294
272
21
43
294
272
21
43
294
274
21
43
295
275
21
43
295
276
21
43
295
277
21
43
295
277
21
43
295
278
21
43
295
280
21
43
300
279
21
43
300
279
21
43
301
280
21
43
302
280
21
43
302
279
21
43
302
279
21
43
302
280
21
43
303
280
21
43
303
281
21
43
303
282
21
43
303
282
21
43
303
283
21
43
303
284
21
43
303
285
21
43
303
286
21
43
303
287
21
43
302
288
21
43
302
288
21
43
302
288
21
43
302
288
21
43
303
288
21
43
303
295
21
43
304
293
21
43
304
293
21
43
304
294
21
43
304
294
21
43
306
294
21
43
306
295
21
43
306
296
21
43
306
297
21
43
308
297
21
43
309
297
21
43
310
297
21
43
311
297
21
43
310
297
21
43
313
306
21
43
313
306
21
43
309
301
21
43
309
300
21
43
308
302
21
43
310
302
21
43
310
302
21
43
310
303
21
43
310
303
21
43
310
303
21
43
310
303
21
43
310
304
21
43
311
304
21
43
311
305
21
43
311
305
21
43
311
305
21
43
312
312
21
43
312
312
21
43
314
315
21
43
314
316
21
43
315
316
21
43
315
313
21
43
315
313
21
43
315
314
21
43
316
314
21
43
316
316
21
43
316
317
21
43
312
317
21
43
312
318
21
43
315
316
21
43
314
316
21
43
313
317
21
43
315
318
21
43
315
318
21
43
315
318
21
43
316
318
21
43
316
318
21
43
318
317
21
43
318
317
21
43
318
318
21
43
319
325
21
43
320
326
21
43
321
327
21
43
321
328
21
43
322
330
21
43
320
331
21
43
320
331
21
43
320
331
21
43
319
331
21
43
318
331
21
43
318
333
21
43
318
333
21
43
318
333
21
43
318
333
21
43
321
333
21
43
322
333
21
43
321
333
21
43
320
334
21
43
320
336
21
43
320
336
21
43
320
336
21
43
321
337
21
43
322
337
21
43
323
337
21
43
325
337
21
43
325
337
21
43
325
337
21
43
325
338
21
43
326
339
21
43
325
340
21
43
325
342
21
43
324
344
21
43
324
347
21
43
322
344
21
43
322
344
21
43
323
344
21
43
323
345
21
43
324
347
21
43
324
347
21
43
324
347
21
43
323
348
21
43
323
348
21
43
324
348
21
43
324
348
21
43
325
348
21
43
325
348
21
43
325
349
21
43
324
350
21
43
323
350
21
43
324
350
21
43
324
351
21
43
326
351
21
43
326
351
21
43
326
354
21
43
326
356
21
43
326
356
21
43
326
357
21
43
326
356
21
43
325
356
21
43
325
356
21
43
325
356
21
43
