0
128
227
311
10
14
229
312
10
14
228
313
10
14
227
323
10
14
228
325
10
14
228
328
10
14
226
330
10
14
226
331
10
14
219
331
10
14
216
331
10
14
214
333
10
14
213
333
10
14
212
334
10
14
205
338
10
14
202
338
10
14
199
338
10
14
196
338
10
14
195
338
10
14
192
338
10
14
190
338
10
14
191
337
10
14
188
337
10
14
185
337
10
14
182
337
10
14
179
337
10
14
179
337
10
14
179
339
10
14
177
337
10
14
180
337
10
14
182
338
10
14
182
341
10
14
183
341
10
14
185
342
10
14
186
343
10
14
188
343
10
14
189
343
10
14
191
344
10
14
195
349
10
14
197
351
10
14
198
353
10
14
199
351
10
14
199
353
10
14
202
353
10
14
203
353
10
14
205
353
10
14
203
356
10
14
205
356
10
14
205
357
10
14
203
359
10
14
201
361
10
14
198
361
10
14
195
361
10
14
193
363
10
14
193
363
10
14
190
363
10
14
190
364
10
14
179
366
10
14
179
365
10
14
180
364
10
14
180
365
10
14
180
366
10
14
182
366
10
14
182
367
10
14
182
366
10
14
180
366
10
14
179
367
10
14
179
366
10
14
178
366
10
14
177
366
10
14
179
361
10
14
179
360
10
14
177
359
10
14
174
361
10
14
173
361
10
14
173
362
10
14
173
362
10
14
172
362
10
14
172
362
10
14
172
362
10
14
170
364
10
14
170
364
10
14
169
363
10
14
169
361
10
14
169
361
10
14
169
360
10
14
169
360
10
14
170
360
10
14
169
362
10
14
168
361
10
14
168
361
10
14
166
362
10
14
165
362
10
14
165
362
10
14
165
362
10
14
164
362
10
14
163
362
10
14
163
360
10
14
165
357
10
14
164
357
10
14
164
357
10
14
164
357
10
14
163
357
10
14
163
357
10
14
163
359
10
14
159
358
10
14
158
358
10
14
158
358
10
14
158
358
10
14
160
355
10
14
159
355
10
14
158
353
10
14
158
355
10
14
157
355
10
14
156
355
10
14
156
355
10
14
155
355
10
14
154
357
10
14
154
358
10
14
154
357
10
14
153
359
10
14
152
357
10
14
151
359
10
14
149
359
10
14
149
357
10
14
149
360
10
14
151
358
10
14
150
359
10
14
150
359
10
14
