128
80
395
429
10
14
394
427
10
14
394
428
10
14
395
428
10
14
395
428
10
14
395
428
10
14
395
429
10
14
397
429
10
14
397
430
10
14
397
430
10
14
397
430
10
14
397
431
10
14
397
431
10
14
397
429
10
14
397
427
10
14
397
427
10
14
397
426
10
14
397
427
10
14
398
427
10
14
398
429
10
14
399
431
10
14
400
431
10
14
400
431
10
14
400
429
10
14
399
429
10
14
399
427
10
14
399
425
10
14
399
425
10
14
399
424
10
14
399
424
10
14
400
425
10
14
399
433
10
14
399
434
10
14
399
434
10
14
399
436
10
14
399
436
10
14
398
436
10
14
398
437
10
14
398
435
10
14
398
435
10
14
397
433
10
14
396
433
10
14
396
433
10
14
396
434
10
14
397
435
10
14
397
435
10
14
397
437
10
14
398
437
10
14
397
434
10
14
396
433
10
14
396
433
10
14
396
433
10
14
395
433
10
14
395
433
10
14
395
433
10
14
394
431
10
14
395
432
10
14
394
432
10
14
394
432
10
14
393
433
10
14
391
432
10
14
391
432
10
14
391
432
10
14
391
433
10
14
391
434
10
14
392
437
10
14
392
438
10
14
392
438
10
14
391
436
10
14
391
435
10
14
394
438
10
14
394
437
10
14
392
436
10
14
390
438
10
14
388
438
10
14
389
436
10
14
389
438
10
14
388
438
10
14
387
440
10
14
385
441
10
14
