0
617
531
373
10
18
530
373
10
18
529
373
10
18
528
374
10
18
528
375
10
18
527
375
10
18
527
375
10
18
527
375
10
18
527
375
10
18
527
375
10
18
528
375
10
18
528
375
10
18
528
375
10
18
528
375
10
18
527
375
10
18
527
375
10
18
528
375
10
18
529
375
10
18
530
375
10
18
531
375
10
18
531
375
10
18
529
375
10
18
529
376
10
18
528
376
10
18
528
376
10
18
527
376
10
18
527
376
10
18
527
376
10
18
526
376
10
18
521
381
10
18
521
381
10
18
521
381
10
18
522
381
10
18
523
381
10
18
524
380
10
18
525
380
10
18
525
380
10
18
525
381
10
18
524
381
10
18
523
381
10
18
522
381
10
18
521
381
10
18
521
381
10
18
520
381
10
18
521
381
10
18
522
381
10
18
522
381
10
18
521
382
10
18
520
382
10
18
520
382
10
18
520
382
10
18
519
382
10
18
519
382
10
18
518
382
10
18
518
382
10
18
518
383
10
18
518
383
10
18
517
383
10
18
516
383
10
18
516
383
10
18
515
383
10
18
517
387
10
18
516
388
10
18
516
388
10
18
516
388
10
18
515
389
10
18
515
389
10
18
515
389
10
18
514
389
10
18
513
389
10
18
512
390
10
18
512
390
10
18
512
390
10
18
512
390
10
18
513
390
10
18
513
390
10
18
512
391
10
18
512
392
10
18
511
392
10
18
510
392
10
18
509
392
10
18
509
393
10
18
509
393
10
18
509
393
10
18
509
393
10
18
509
393
10
18
509
393
10
18
510
393
10
18
509
393
10
18
509
393
10
18
509
393
10
18
508
394
10
18
508
394
10
18
508
394
10
18
507
394
10
18
507
394
10
18
507
393
10
18
506
393
10
18
506
393
10
18
505
393
10
18
503
393
10
18
503
393
10
18
503
393
10
18
502
395
10
18
503
395
10
18
503
395
10
18
503
395
10
18
503
395
10
18
503
396
10
18
503
396
10
18
503
396
10
18
503
396
10
18
503
396
10
18
503
396
10
18
503
396
10
18
503
397
10
18
503
397
10
18
503
397
10
18
503
397
10
18
502
397
10
18
502
397
10
18
502
397
10
18
501
397
10
18
500
397
10
18
500
397
10
18
500
397
10
18
500
398
10
18
500
398
10
18
500
398
10
18
500
399
10
18
500
399
10
18
500
399
10
18
500
399
10
18
499
399
10
18
499
399
10
18
499
399
10
18
499
399
10
18
499
399
10
18
495
401
10
18
495
401
10
18
495
401
10
18
494
402
10
18
494
402
10
18
494
402
10
18
494
402
10
18
494
401
10
18
494
401
10
18
494
401
10
18
493
401
10
18
492
401
10
18
492
401
10
18
492
401
10
18
492
401
10
18
492
401
10
18
492
401
10
18
492
401
10
18
492
401
10
18
492
401
10
18
491
401
10
18
491
401
10
18
491
401
10
18
491
401
10
18
491
401
10
18
491
401
10
18
491
401
10
18
491
401
10
18
491
401
10
18
490
401
10
18
490
401
10
18
490
401
10
18
489
401
10
18
489
401
10
18
489
401
10
18
489
401
10
18
489
401
10
18
485
405
10
18
485
405
10
18
485
405
10
18
485
406
10
18
485
406
10
18
485
407
10
18
485
407
10
18
485
407
10
18
485
407
10
18
485
407
10
18
484
407
10
18
484
406
10
18
484
406
10
18
484
406
10
18
484
406
10
18
484
407
10
18
484
407
10
18
484
407
10
18
484
407
10
18
483
407
10
18
483
407
10
18
483
407
10
18
483
407
10
18
483
407
10
18
483
407
10
18
483
407
10
18
483
407
10
18
484
407
10
18
484
408
10
18
484
408
10
18
484
410
10
18
484
410
10
18
484
410
10
18
484
409
10
18
483
409
10
18
483
409
10
18
483
409
10
18
482
409
10
18
482
409
10
18
481
410
10
18
481
411
10
18
479
407
10
18
479
407
10
18
479
407
10
18
479
407
10
18
479
407
10
18
479
407
10
18
478
407
10
18
478
407
10
18
478
407
10
18
478
407
10
18
478
407
10
18
478
407
10
18
478
407
10
18
478
407
10
18
478
407
10
18
477
407
10
18
477
407
10
18
477
407
10
18
477
407
10
18
476
408
10
18
475
408
10
18
475
408
10
18
474
408
10
18
473
408
10
18
473
408
10
18
473
408
10
18
473
408
10
18
473
408
10
18
474
408
10
18
474
408
10
18
474
408
10
18
474
408
10
18
473
408
10
18
473
408
10
18
473
408
10
18
473
408
10
18
473
408
10
18
473
408
10
18
473
408
10
18
473
408
10
18
473
408
10
18
468
409
10
18
468
409
10
18
468
409
10
18
468
409
10
18
468
409
10
18
468
410
10
18
468
410
10
18
468
410
10
18
468
410
10
18
467
410
10
18
467
410
10
18
467
410
10
18
466
410
10
18
466
410
10
18
466
410
10
18
466
410
10
18
466
410
10
18
466
411
10
18
466
411
10
18
466
411
10
18
466
411
10
18
466
411
10
18
467
411
10
18
467
411
10
18
467
411
10
18
467
411
10
18
467
411
10
18
466
411
10
18
466
411
10
18
466
411
10
18
466
412
10
18
466
412
10
18
466
412
10
18
466
412
10
18
466
412
10
18
466
412
10
18
466
413
10
18
466
413
10
18
466
413
10
18
466
412
10
18
466
412
10
18
462
414
10
18
462
414
10
18
462
414
10
18
462
414
10
18
462
414
10
18
461
414
10
18
460
414
10
18
459
414
10
18
458
414
10
18
458
414
10
18
457
414
10
18
457
414
10
18
456
414
10
18
456
414
10
18
456
415
10
18
456
416
10
18
456
416
10
18
456
416
10
18
456
416
10
18
456
416
10
18
457
414
10
18
457
414
10
18
457
414
10
18
457
414
10
18
456
414
10
18
456
414
10
18
456
414
10
18
456
414
10
18
456
414
10
18
456
414
10
18
456
415
10
18
456
415
10
18
455
415
10
18
455
415
10
18
455
416
10
18
455
416
10
18
455
416
10
18
455
416
10
18
455
416
10
18
455
416
10
18
455
417
10
18
455
418
10
18
455
418
10
18
455
417
10
18
454
417
10
18
454
417
10
18
454
417
10
18
454
417
10
18
454
417
10
18
456
415
10
18
456
415
10
18
456
416
10
18
456
416
10
18
456
416
10
18
456
416
10
18
456
416
10
18
456
416
10
18
455
416
10
18
455
416
10
18
455
417
10
18
455
417
10
18
455
417
10
18
455
417
10
18
456
418
10
18
456
418
10
18
456
418
10
18
456
418
10
18
456
418
10
18
456
418
10
18
456
418
10
18
456
418
10
18
455
418
10
18
453
416
10
18
453
416
10
18
453
416
10
18
453
416
10
18
453
416
10
18
453
416
10
18
453
416
10
18
453
415
10
18
453
415
10
18
452
415
10
18
452
415
10
18
451
415
10
18
450
415
10
18
450
415
10
18
450
415
10
18
450
415
10
18
449
415
10
18
449
415
10
18
450
415
10
18
450
415
10
18
450
415
10
18
450
415
10
18
450
416
10
18
450
416
10
18
450
416
10
18
449
416
10
18
449
416
10
18
449
415
10
18
449
415
10
18
449
415
10
18
448
415
10
18
448
415
10
18
448
415
10
18
448
415
10
18
447
415
10
18
447
414
10
18
446
414
10
18
445
414
10
18
445
414
10
18
445
414
10
18
445
414
10
18
447
420
10
18
447
421
10
18
447
421
10
18
447
421
10
18
447
421
10
18
447
421
10
18
447
421
10
18
447
421
10
18
447
421
10
18
447
421
10
18
447
421
10
18
447
421
10
18
447
421
10
18
447
421
10
18
447
421
10
18
447
421
10
18
446
421
10
18
445
421
10
18
442
418
10
18
442
418
10
18
442
418
10
18
442
418
10
18
442
418
10
18
443
418
10
18
443
418
10
18
443
418
10
18
443
419
10
18
443
419
10
18
443
419
10
18
442
419
10
18
442
419
10
18
441
419
10
18
441
418
10
18
441
418
10
18
440
418
10
18
440
418
10
18
440
418
10
18
440
418
10
18
438
420
10
18
438
421
10
18
437
421
10
18
437
421
10
18
437
420
10
18
436
420
10
18
436
420
10
18
437
420
10
18
437
420
10
18
437
420
10
18
437
420
10
18
437
420
10
18
437
420
10
18
437
420
10
18
437
420
10
18
437
420
10
18
437
420
10
18
437
420
10
18
437
420
10
18
437
421
10
18
436
421
10
18
435
422
10
18
435
422
10
18
435
422
10
18
435
422
10
18
435
422
10
18
435
422
10
18
435
422
10
18
434
422
10
18
434
422
10
18
434
422
10
18
433
422
10
18
433
422
10
18
433
422
10
18
433
423
10
18
433
423
10
18
433
423
10
18
434
423
10
18
434
423
10
18
436
421
10
18
436
421
10
18
436
421
10
18
436
421
10
18
436
421
10
18
436
421
10
18
436
421
10
18
437
422
10
18
437
422
10
18
437
422
10
18
437
422
10
18
434
421
10
18
434
421
10
18
434
420
10
18
433
420
10
18
433
420
10
18
432
420
10
18
432
420
10
18
433
420
10
18
433
421
10
18
433
421
10
18
433
421
10
18
433
421
10
18
433
421
10
18
433
421
10
18
432
421
10
18
432
421
10
18
432
421
10
18
431
421
10
18
430
419
10
18
430
419
10
18
429
419
10
18
428
419
10
18
428
419
10
18
428
419
10
18
428
419
10
18
429
419
10
18
430
419
10
18
431
419
10
18
428
420
10
18
428
420
10
18
428
420
10
18
428
420
10
18
428
420
10
18
427
420
10
18
427
420
10
18
427
420
10
18
427
420
10
18
427
420
10
18
427
420
10
18
427
420
10
18
427
420
10
18
427
420
10
18
427
420
10
18
427
420
10
18
427
420
10
18
426
420
10
18
425
421
10
18
424
421
10
18
424
421
10
18
423
421
10
18
423
421
10
18
422
421
10
18
422
421
10
18
422
421
10
18
422
421
10
18
423
418
10
18
423
418
10
18
423
418
10
18
422
417
10
18
422
417
10
18
422
417
10
18
422
417
10
18
422
417
10
18
421
417
10
18
421
417
10
18
421
416
10
18
420
416
10
18
419
415
10
18
418
415
10
18
417
415
10
18
416
415
10
18
416
415
10
18
416
415
10
18
416
415
10
18
416
415
10
18
416
415
10
18
416
415
10
18
415
414
10
18
415
414
10
18
415
414
10
18
415
414
10
18
415
414
10
18
415
414
10
18
414
415
10
18
419
417
10
18
419
417
10
18
419
417
10
18
419
417
10
18
419
417
10
18
418
417
10
18
417
417
10
18
416
417
10
18
415
417
10
18
415
417
10
18
415
417
10
18
415
417
10
18
415
417
10
18
415
417
10
18
415
417
10
18
415
417
10
18
415
417
10
18
415
417
10
18
415
417
10
18
415
417
10
18
415
417
10
18
414
417
10
18
414
417
10
18
414
418
10
18
414
418
10
18
414
418
10
18
414
418
10
18
414
418
10
18
413
418
10
18
413
418
10
18
412
418
10
18
411
418
10
18
411
418
10
18
411
418
10
18
