0
617
505
374
10
18
504
374
10
18
503
374
10
18
502
375
10
18
502
374
10
18
501
374
10
18
501
374
10
18
501
375
10
18
501
376
10
18
501
376
10
18
502
377
10
18
502
377
10
18
502
377
10
18
501
377
10
18
500
377
10
18
500
377
10
18
501
377
10
18
502
378
10
18
503
378
10
18
503
378
10
18
503
378
10
18
503
378
10
18
503
378
10
18
502
378
10
18
502
378
10
18
500
378
10
18
499
378
10
18
499
378
10
18
498
378
10
18
497
378
10
18
497
378
10
18
497
378
10
18
497
378
10
18
498
378
10
18
499
378
10
18
500
378
10
18
501
378
10
18
501
379
10
18
500
379
10
18
499
379
10
18
498
380
10
18
497
381
10
18
496
381
10
18
495
381
10
18
496
381
10
18
497
381
10
18
497
381
10
18
496
381
10
18
495
381
10
18
495
381
10
18
495
381
10
18
494
381
10
18
494
381
10
18
493
381
10
18
493
381
10
18
493
381
10
18
493
381
10
18
492
381
10
18
491
381
10
18
491
381
10
18
493
387
10
18
492
387
10
18
492
388
10
18
493
389
10
18
493
389
10
18
492
389
10
18
492
389
10
18
492
389
10
18
491
389
10
18
490
389
10
18
489
389
10
18
489
389
10
18
489
389
10
18
490
389
10
18
491
389
10
18
491
389
10
18
490
389
10
18
490
390
10
18
488
390
10
18
487
391
10
18
486
391
10
18
484
390
10
18
484
390
10
18
484
390
10
18
484
390
10
18
484
390
10
18
484
390
10
18
484
390
10
18
484
390
10
18
484
390
10
18
484
390
10
18
483
389
10
18
483
389
10
18
483
389
10
18
482
389
10
18
481
389
10
18
481
388
10
18
480
388
10
18
480
388
10
18
479
388
10
18
478
388
10
18
478
388
10
18
477
388
10
18
476
388
10
18
477
388
10
18
476
388
10
18
477
388
10
18
477
388
10
18
477
388
10
18
476
388
10
18
476
388
10
18
475
388
10
18
475
390
10
18
475
390
10
18
475
390
10
18
475
394
10
18
475
394
10
18
475
394
10
18
475
395
10
18
474
395
10
18
474
395
10
18
473
395
10
18
473
395
10
18
472
394
10
18
472
394
10
18
472
394
10
18
472
395
10
18
472
395
10
18
472
395
10
18
472
395
10
18
472
395
10
18
472
395
10
18
473
396
10
18
472
396
10
18
472
396
10
18
471
395
10
18
471
395
10
18
471
395
10
18
469
399
10
18
469
399
10
18
469
399
10
18
468
399
10
18
468
399
10
18
468
399
10
18
468
399
10
18
468
400
10
18
468
400
10
18
468
400
10
18
467
400
10
18
467
400
10
18
467
400
10
18
467
400
10
18
467
400
10
18
467
400
10
18
467
400
10
18
467
400
10
18
467
400
10
18
467
400
10
18
466
400
10
18
466
400
10
18
466
401
10
18
466
401
10
18
466
401
10
18
466
401
10
18
466
401
10
18
466
401
10
18
466
401
10
18
465
401
10
18
465
403
10
18
465
403
10
18
464
403
10
18
464
403
10
18
464
403
10
18
464
403
10
18
464
403
10
18
464
403
10
18
465
403
10
18
461
403
10
18
461
403
10
18
461
403
10
18
462
404
10
18
462
404
10
18
462
404
10
18
462
404
10
18
462
404
10
18
462
404
10
18
462
404
10
18
462
404
10
18
462
404
10
18
462
404
10
18
462
403
10
18
462
403
10
18
462
403
10
18
462
403
10
18
461
401
10
18
461
401
10
18
461
401
10
18
461
401
10
18
461
401
10
18
461
401
10
18
461
401
10
18
461
401
10
18
462
401
10
18
462
401
10
18
462
401
10
18
462
401
10
18
462
401
10
18
462
401
10
18
462
401
10
18
461
401
10
18
460
401
10
18
460
401
10
18
459
401
10
18
459
401
10
18
459
402
10
18
459
402
10
18
459
402
10
18
459
402
10
18
459
404
10
18
459
403
10
18
459
402
10
18
459
402
10
18
458
402
10
18
458
402
10
18
458
403
10
18
458
403
10
18
458
403
10
18
458
403
10
18
458
403
10
18
458
403
10
18
458
403
10
18
458
403
10
18
458
403
10
18
458
403
10
18
457
403
10
18
457
404
10
18
456
404
10
18
456
404
10
18
455
404
10
18
455
404
10
18
455
404
10
18
455
404
10
18
455
403
10
18
455
403
10
18
455
403
10
18
455
403
10
18
455
403
10
18
455
403
10
18
454
403
10
18
454
403
10
18
454
403
10
18
454
403
10
18
454
404
10
18
453
404
10
18
453
404
10
18
453
404
10
18
453
404
10
18
452
404
10
18
452
404
10
18
450
404
10
18
450
404
10
18
450
404
10
18
450
405
10
18
450
405
10
18
449
405
10
18
449
405
10
18
448
405
10
18
448
405
10
18
448
405
10
18
447
404
10
18
447
404
10
18
447
404
10
18
447
404
10
18
446
404
10
18
446
405
10
18
446
405
10
18
445
405
10
18
445
405
10
18
445
405
10
18
445
405
10
18
445
405
10
18
445
405
10
18
445
405
10
18
445
405
10
18
444
405
10
18
444
405
10
18
444
405
10
18
443
406
10
18
443
406
10
18
443
406
10
18
443
406
10
18
443
406
10
18
443
406
10
18
443
406
10
18
443
406
10
18
443
406
10
18
443
405
10
18
444
405
10
18
444
406
10
18
444
406
10
18
441
408
10
18
441
410
10
18
441
410
10
18
440
410
10
18
439
411
10
18
438
411
10
18
437
410
10
18
437
410
10
18
437
410
10
18
437
410
10
18
437
412
10
18
437
412
10
18
437
412
10
18
437
413
10
18
437
413
10
18
437
413
10
18
437
414
10
18
437
414
10
18
436
414
10
18
436
414
10
18
436
412
10
18
436
410
10
18
436
410
10
18
436
411
10
18
436
411
10
18
436
411
10
18
436
411
10
18
436
411
10
18
437
413
10
18
437
413
10
18
436
413
10
18
436
413
10
18
436
414
10
18
436
414
10
18
436
414
10
18
436
414
10
18
436
414
10
18
436
414
10
18
436
415
10
18
436
415
10
18
436
416
10
18
436
415
10
18
435
415
10
18
435
415
10
18
434
413
10
18
434
413
10
18
434
413
10
18
434
413
10
18
434
413
10
18
434
413
10
18
434
413
10
18
434
413
10
18
434
413
10
18
433
413
10
18
433
413
10
18
432
413
10
18
432
413
10
18
433
410
10
18
433
410
10
18
433
410
10
18
433
410
10
18
433
410
10
18
433
410
10
18
433
410
10
18
433
410
10
18
433
410
10
18
433
410
10
18
433
410
10
18
433
410
10
18
433
411
10
18
433
411
10
18
433
411
10
18
434
411
10
18
433
411
10
18
433
411
10
18
433
411
10
18
433
411
10
18
433
411
10
18
433
411
10
18
430
409
10
18
430
409
10
18
429
409
10
18
428
409
10
18
428
409
10
18
427
409
10
18
427
409
10
18
427
409
10
18
427
409
10
18
428
410
10
18
428
410
10
18
428
410
10
18
428
409
10
18
428
410
10
18
428
410
10
18
428
410
10
18
428
411
10
18
428
411
10
18
428
411
10
18
428
411
10
18
428
411
10
18
428
411
10
18
428
411
10
18
428
411
10
18
428
411
10
18
427
411
10
18
426
410
10
18
425
410
10
18
424
410
10
18
424
410
10
18
424
410
10
18
424
410
10
18
424
410
10
18
424
411
10
18
424
411
10
18
424
411
10
18
423
411
10
18
423
411
10
18
423
411
10
18
423
411
10
18
423
412
10
18
423
414
10
18
423
414
10
18
423
415
10
18
423
416
10
18
423
416
10
18
423
416
10
18
423
416
10
18
422
416
10
18
422
416
10
18
422
416
10
18
422
416
10
18
422
416
10
18
422
416
10
18
422
416
10
18
422
416
10
18
422
416
10
18
422
416
10
18
422
416
10
18
422
416
10
18
422
416
10
18
421
416
10
18
421
416
10
18
420
416
10
18
420
416
10
18
420
416
10
18
419
416
10
18
419
416
10
18
418
416
10
18
418
416
10
18
417
416
10
18
417
417
10
18
416
417
10
18
416
417
10
18
416
416
10
18
415
416
10
18
415
416
10
18
416
416
10
18
416
416
10
18
416
417
10
18
416
417
10
18
416
417
10
18
414
416
10
18
414
416
10
18
414
416
10
18
414
416
10
18
414
416
10
18
413
416
10
18
413
416
10
18
413
416
10
18
412
416
10
18
411
417
10
18
411
417
10
18
411
417
10
18
411
417
10
18
411
417
10
18
411
417
10
18
411
417
10
18
410
417
10
18
409
417
10
18
409
417
10
18
409
417
10
18
409
417
10
18
409
417
10
18
409
417
10
18
409
417
10
18
409
417
10
18
410
417
10
18
410
417
10
18
411
417
10
18
411
417
10
18
411
417
10
18
411
417
10
18
411
417
10
18
411
417
10
18
411
417
10
18
411
417
10
18
411
417
10
18
411
418
10
18
411
418
10
18
411
418
10
18
411
418
10
18
410
417
10
18
409
418
10
18
409
418
10
18
408
418
10
18
408
418
10
18
408
418
10
18
408
418
10
18
408
419
10
18
408
419
10
18
408
419
10
18
408
419
10
18
408
419
10
18
408
419
10
18
408
419
10
18
408
419
10
18
407
419
10
18
406
419
10
18
405
419
10
18
404
419
10
18
403
419
10
18
403
419
10
18
403
419
10
18
403
419
10
18
404
419
10
18
404
419
10
18
404
418
10
18
404
418
10
18
404
418
10
18
404
418
10
18
404
418
10
18
404
418
10
18
403
418
10
18
403
418
10
18
403
418
10
18
403
418
10
18
403
418
10
18
403
418
10
18
403
418
10
18
403
418
10
18
403
418
10
18
403
418
10
18
403
418
10
18
404
420
10
18
404
420
10
18
404
421
10
18
404
421
10
18
404
420
10
18
403
419
10
18
403
419
10
18
402
419
10
18
402
419
10
18
402
419
10
18
402
419
10
18
402
419
10
18
402
419
10
18
402
419
10
18
402
418
10
18
403
418
10
18
403
418
10
18
403
420
10
18
403
420
10
18
402
419
10
18
402
419
10
18
401
418
10
18
400
418
10
18
400
418
10
18
399
418
10
18
398
418
10
18
397
418
10
18
397
418
10
18
397
418
10
18
397
418
10
18
397
418
10
18
397
418
10
18
397
417
10
18
397
417
10
18
397
417
10
18
397
417
10
18
397
417
10
18
397
417
10
18
397
417
10
18
397
417
10
18
397
417
10
18
396
416
10
18
396
416
10
18
396
417
10
18
396
417
10
18
395
417
10
18
395
417
10
18
394
417
10
18
393
415
10
18
393
415
10
18
393
415
10
18
393
415
10
18
393
415
10
18
393
415
10
18
393
415
10
18
393
415
10
18
393
415
10
18
393
415
10
18
393
415
10
18
393
415
10
18
393
415
10
18
392
415
10
18
392
415
10
18
391
415
10
18
391
414
10
18
391
415
10
18
391
415
10
18
391
415
10
18
390
415
10
18
390
415
10
18
389
415
10
18
388
415
10
18
388
415
10
18
388
415
10
18
