466
151
385
208
10
18
385
208
10
18
386
208
10
18
386
208
10
18
386
209
10
18
386
209
10
18
386
209
10
18
386
209
10
18
386
209
10
18
386
209
10
18
386
209
10
18
386
209
10
18
386
209
10
18
386
209
10
18
386
209
10
18
386
209
10
18
386
209
10
18
387
210
10
18
388
210
10
18
393
211
10
18
395
211
10
18
396
211
10
18
397
211
10
18
398
211
10
18
399
211
10
18
399
211
10
18
399
211
10
18
400
211
10
18
400
211
10
18
401
211
10
18
401
211
10
18
402
211
10
18
403
211
10
18
403
211
10
18
403
211
10
18
405
214
10
18
405
214
10
18
406
214
10
18
406
214
10
18
406
214
10
18
407
214
10
18
407
215
10
18
407
215
10
18
407
215
10
18
408
215
10
18
408
215
10
18
408
215
10
18
408
215
10
18
408
216
10
18
408
216
10
18
408
216
10
18
407
217
10
18
407
217
10
18
407
217
10
18
407
217
10
18
407
217
10
18
408
217
10
18
408
217
10
18
409
217
10
18
409
217
10
18
410
217
10
18
410
217
10
18
411
217
10
18
411
217
10
18
411
217
10
18
411
217
10
18
414
221
10
18
414
222
10
18
414
222
10
18
414
222
10
18
414
222
10
18
414
222
10
18
414
222
10
18
414
222
10
18
414
222
10
18
415
222
10
18
415
222
10
18
415
222
10
18
415
222
10
18
414
223
10
18
414
223
10
18
414
223
10
18
414
223
10
18
414
223
10
18
413
223
10
18
413
224
10
18
417
227
10
18
417
227
10
18
417
227
10
18
417
227
10
18
418
227
10
18
418
228
10
18
419
228
10
18
419
228
10
18
419
228
10
18
419
228
10
18
419
228
10
18
419
228
10
18
419
229
10
18
419
229
10
18
419
229
10
18
418
229
10
18
418
230
10
18
417
230
10
18
417
231
10
18
417
231
10
18
417
231
10
18
417
231
10
18
417
231
10
18
417
231
10
18
417
231
10
18
417
231
10
18
417
231
10
18
417
231
10
18
417
231
10
18
418
232
10
18
417
232
10
18
418
232
10
18
417
233
10
18
417
233
10
18
417
233
10
18
417
233
10
18
416
233
10
18
415
233
10
18
414
233
10
18
413
233
10
18
413
233
10
18
414
242
10
18
414
242
10
18
414
243
10
18
414
243
10
18
414
243
10
18
413
243
10
18
412
243
10
18
412
243
10
18
413
243
10
18
412
243
10
18
412
243
10
18
411
243
10
18
411
243
10
18
411
244
10
18
411
244
10
18
411
245
10
18
411
245
10
18
411
245
10
18
410
245
10
18
410
245
10
18
409
245
10
18
408
245
10
18
408
245
10
18
408
245
10
18
