544
73
453
317
10
18
452
318
10
18
451
319
10
18
451
319
10
18
450
319
10
18
450
319
10
18
449
319
10
18
449
321
10
18
449
321
10
18
448
321
10
18
448
321
10
18
448
321
10
18
448
322
10
18
447
322
10
18
447
322
10
18
447
322
10
18
446
322
10
18
446
322
10
18
445
322
10
18
444
322
10
18
448
325
10
18
448
325
10
18
448
325
10
18
447
325
10
18
446
326
10
18
445
326
10
18
444
327
10
18
444
327
10
18
444
328
10
18
443
329
10
18
443
329
10
18
443
329
10
18
443
329
10
18
443
330
10
18
443
330
10
18
443
330
10
18
442
330
10
18
442
330
10
18
442
332
10
18
442
332
10
18
442
332
10
18
442
332
10
18
442
333
10
18
442
333
10
18
441
333
10
18
440
334
10
18
439
334
10
18
438
334
10
18
438
335
10
18
438
335
10
18
438
335
10
18
438
336
10
18
438
336
10
18
438
336
10
18
437
336
10
18
437
336
10
18
437
336
10
18
437
336
10
18
435
336
10
18
435
336
10
18
435
336
10
18
428
338
10
18
428
339
10
18
428
339
10
18
428
340
10
18
428
341
10
18
428
341
10
18
427
341
10
18
426
341
10
18
425
342
10
18
424
342
10
18
424
342
10
18
424
342
10
18
