490
127
304
332
10
18
304
332
10
18
304
332
10
18
304
332
10
18
303
332
10
18
304
332
10
18
304
332
10
18
304
331
10
18
304
331
10
18
304
331
10
18
304
331
10
18
303
331
10
18
302
331
10
18
298
332
10
18
298
332
10
18
298
332
10
18
299
332
10
18
298
332
10
18
298
332
10
18
298
332
10
18
298
332
10
18
298
332
10
18
298
332
10
18
298
332
10
18
298
334
10
18
298
334
10
18
297
334
10
18
296
334
10
18
295
334
10
18
294
334
10
18
293
334
10
18
293
334
10
18
292
334
10
18
291
334
10
18
292
333
10
18
292
333
10
18
292
333
10
18
292
333
10
18
293
333
10
18
292
332
10
18
292
332
10
18
291
332
10
18
289
333
10
18
289
333
10
18
291
334
10
18
291
334
10
18
291
334
10
18
290
333
10
18
289
331
10
18
289
331
10
18
289
330
10
18
289
330
10
18
288
330
10
18
288
330
10
18
287
330
10
18
286
331
10
18
286
331
10
18
286
330
10
18
285
330
10
18
285
330
10
18
284
330
10
18
277
329
10
18
277
329
10
18
277
329
10
18
277
329
10
18
277
329
10
18
277
329
10
18
277
327
10
18
277
327
10
18
277
327
10
18
276
327
10
18
276
327
10
18
275
327
10
18
274
327
10
18
274
327
10
18
274
326
10
18
273
325
10
18
272
325
10
18
271
325
10
18
270
325
10
18
269
325
10
18
269
324
10
18
268
324
10
18
268
324
10
18
268
324
10
18
268
323
10
18
267
323
10
18
267
323
10
18
267
323
10
18
267
323
10
18
267
322
10
18
267
322
10
18
266
322
10
18
266
322
10
18
265
322
10
18
265
322
10
18
264
322
10
18
264
322
10
18
263
322
10
18
258
319
10
18
256
319
10
18
255
318
10
18
255
318
10
18
255
318
10
18
255
319
10
18
255
319
10
18
255
318
10
18
255
318
10
18
254
318
10
18
253
318
10
18
253
318
10
18
254
318
10
18
254
318
10
18
254
318
10
18
253
318
10
18
253
318
10
18
253
318
10
18
253
317
10
18
253
317
10
18
253
317
10
18
251
318
10
18
250
318
10
18
250
318
10
18
250
318
10
18
248
318
10
18
249
316
10
18
250
316
10
18
