0
617
508
363
10
18
507
364
10
18
506
364
10
18
505
364
10
18
505
364
10
18
504
364
10
18
505
363
10
18
505
364
10
18
505
364
10
18
505
364
10
18
506
364
10
18
506
364
10
18
506
364
10
18
505
364
10
18
504
365
10
18
504
365
10
18
505
365
10
18
506
365
10
18
507
365
10
18
507
365
10
18
507
365
10
18
507
365
10
18
507
365
10
18
506
365
10
18
505
365
10
18
504
366
10
18
503
366
10
18
503
366
10
18
502
366
10
18
501
366
10
18
501
366
10
18
501
366
10
18
501
366
10
18
502
366
10
18
503
366
10
18
504
366
10
18
504
366
10
18
504
367
10
18
503
367
10
18
502
367
10
18
501
368
10
18
500
368
10
18
499
368
10
18
498
368
10
18
499
368
10
18
500
368
10
18
500
368
10
18
501
367
10
18
500
367
10
18
500
367
10
18
500
367
10
18
499
367
10
18
499
367
10
18
498
367
10
18
498
367
10
18
498
367
10
18
498
367
10
18
498
367
10
18
497
367
10
18
497
367
10
18
496
367
10
18
496
367
10
18
496
367
10
18
497
367
10
18
497
367
10
18
497
368
10
18
497
368
10
18
497
368
10
18
497
368
10
18
496
368
10
18
495
369
10
18
495
369
10
18
495
369
10
18
496
369
10
18
497
369
10
18
498
369
10
18
497
369
10
18
497
369
10
18
496
369
10
18
494
370
10
18
493
370
10
18
493
370
10
18
493
370
10
18
493
370
10
18
493
370
10
18
493
370
10
18
493
370
10
18
493
370
10
18
495
371
10
18
495
371
10
18
495
371
10
18
494
371
10
18
494
371
10
18
494
371
10
18
494
372
10
18
494
371
10
18
494
370
10
18
493
370
10
18
493
370
10
18
492
370
10
18
491
370
10
18
491
370
10
18
491
370
10
18
490
370
10
18
491
370
10
18
491
370
10
18
492
370
10
18
492
370
10
18
492
371
10
18
492
371
10
18
492
371
10
18
492
371
10
18
492
371
10
18
492
371
10
18
492
371
10
18
492
371
10
18
492
371
10
18
492
371
10
18
492
371
10
18
492
371
10
18
492
371
10
18
491
371
10
18
491
371
10
18
491
371
10
18
491
371
10
18
491
371
10
18
491
371
10
18
491
371
10
18
491
371
10
18
491
375
10
18
491
375
10
18
491
375
10
18
492
376
10
18
491
376
10
18
491
376
10
18
491
377
10
18
491
377
10
18
491
377
10
18
490
377
10
18
490
377
10
18
490
377
10
18
490
378
10
18
490
378
10
18
490
378
10
18
490
378
10
18
490
377
10
18
490
377
10
18
490
377
10
18
489
377
10
18
488
377
10
18
488
377
10
18
488
377
10
18
488
377
10
18
488
377
10
18
488
377
10
18
488
377
10
18
488
377
10
18
488
377
10
18
487
377
10
18
487
377
10
18
486
377
10
18
486
377
10
18
486
377
10
18
486
377
10
18
486
377
10
18
486
377
10
18
485
377
10
18
484
377
10
18
484
377
10
18
484
377
10
18
485
376
10
18
484
376
10
18
484
376
10
18
484
376
10
18
484
376
10
18
484
376
10
18
484
376
10
18
483
376
10
18
483
376
10
18
483
376
10
18
483
376
10
18
483
376
10
18
483
376
10
18
483
376
10
18
483
376
10
18
482
376
10
18
481
376
10
18
480
376
10
18
480
376
10
18
479
376
10
18
479
376
10
18
479
376
10
18
479
376
10
18
479
376
10
18
479
376
10
18
479
376
10
18
479
376
10
18
479
375
10
18
479
375
10
18
478
375
10
18
478
375
10
18
478
375
10
18
478
375
10
18
478
375
10
18
478
375
10
18
478
375
10
18
478
375
10
18
478
375
10
18
478
376
10
18
477
375
10
18
477
375
10
18
478
380
10
18
477
380
10
18
477
380
10
18
477
380
10
18
477
380
10
18
477
380
10
18
478
381
10
18
478
381
10
18
479
381
10
18
479
381
10
18
479
381
10
18
478
381
10
18
478
381
10
18
478
382
10
18
478
382
10
18
478
382
10
18
478
384
10
18
475
383
10
18
475
383
10
18
475
383
10
18
475
383
10
18
475
383
10
18
475
383
10
18
475
383
10
18
474
384
10
18
473
384
10
18
473
384
10
18
472
384
10
18
471
384
10
18
471
384
10
18
471
384
10
18
471
384
10
18
471
384
10
18
472
384
10
18
472
384
10
18
472
384
10
18
472
384
10
18
471
384
10
18
471
384
10
18
471
384
10
18
471
384
10
18
471
385
10
18
471
385
10
18
471
385
10
18
471
385
10
18
471
385
10
18
471
385
10
18
471
386
10
18
471
386
10
18
471
384
10
18
471
384
10
18
471
385
10
18
471
385
10
18
471
385
10
18
471
385
10
18
470
385
10
18
470
385
10
18
470
384
10
18
470
384
10
18
470
384
10
18
470
384
10
18
470
384
10
18
469
384
10
18
468
385
10
18
468
385
10
18
468
385
10
18
468
385
10
18
468
385
10
18
468
385
10
18
468
385
10
18
468
385
10
18
468
385
10
18
468
385
10
18
467
385
10
18
467
385
10
18
467
385
10
18
466
386
10
18
466
386
10
18
466
386
10
18
466
386
10
18
466
386
10
18
466
386
10
18
466
386
10
18
466
386
10
18
466
385
10
18
466
385
10
18
466
385
10
18
466
384
10
18
466
384
10
18
466
384
10
18
465
386
10
18
465
386
10
18
464
387
10
18
463
387
10
18
462
388
10
18
461
388
10
18
461
387
10
18
460
389
10
18
460
389
10
18
459
391
10
18
459
391
10
18
459
391
10
18
459
391
10
18
460
389
10
18
460
389
10
18
459
390
10
18
459
390
10
18
458
390
10
18
457
391
10
18
457
389
10
18
457
389
10
18
456
389
10
18
456
390
10
18
455
390
10
18
454
390
10
18
454
390
10
18
454
390
10
18
454
390
10
18
453
390
10
18
452
390
10
18
453
388
10
18
452
389
10
18
452
389
10
18
452
389
10
18
452
389
10
18
452
389
10
18
452
389
10
18
452
390
10
18
452
390
10
18
451
391
10
18
451
390
10
18
450
389
10
18
450
389
10
18
450
389
10
18
450
389
10
18
450
389
10
18
450
389
10
18
449
389
10
18
448
389
10
18
448
389
10
18
448
389
10
18
447
389
10
18
446
389
10
18
446
388
10
18
445
388
10
18
445
388
10
18
444
388
10
18
444
388
10
18
444
388
10
18
444
388
10
18
443
389
10
18
443
389
10
18
443
389
10
18
443
389
10
18
443
388
10
18
443
388
10
18
443
388
10
18
439
384
10
18
439
384
10
18
439
384
10
18
439
384
10
18
439
382
10
18
439
381
10
18
439
381
10
18
439
381
10
18
439
381
10
18
439
381
10
18
439
381
10
18
438
381
10
18
438
381
10
18
437
379
10
18
434
383
10
18
433
383
10
18
432
383
10
18
432
383
10
18
431
383
10
18
431
383
10
18
431
384
10
18
431
384
10
18
431
384
10
18
431
383
10
18
431
384
10
18
430
383
10
18
430
383
10
18
429
383
10
18
429
383
10
18
429
382
10
18
429
382
10
18
429
382
10
18
429
382
10
18
429
382
10
18
429
382
10
18
428
382
10
18
427
382
10
18
427
381
10
18
427
381
10
18
427
381
10
18
427
381
10
18
427
381
10
18
427
381
10
18
427
381
10
18
427
381
10
18
427
381
10
18
427
381
10
18
426
381
10
18
431
376
10
18
431
375
10
18
431
375
10
18
431
375
10
18
431
375
10
18
431
374
10
18
431
374
10
18
431
374
10
18
431
374
10
18
431
374
10
18
431
374
10
18
430
374
10
18
429
372
10
18
426
372
10
18
426
372
10
18
425
371
10
18
425
371
10
18
425
371
10
18
425
371
10
18
425
371
10
18
426
371
10
18
426
371
10
18
427
372
10
18
427
372
10
18
426
372
10
18
426
372
10
18
425
372
10
18
425
371
10
18
425
371
10
18
425
371
10
18
425
371
10
18
425
371
10
18
425
370
10
18
425
371
10
18
425
371
10
18
424
371
10
18
424
371
10
18
424
370
10
18
424
370
10
18
424
370
10
18
424
370
10
18
424
370
10
18
425
370
10
18
425
370
10
18
425
370
10
18
425
370
10
18
426
370
10
18
426
370
10
18
426
370
10
18
426
370
10
18
425
368
10
18
425
368
10
18
425
368
10
18
424
368
10
18
419
369
10
18
419
369
10
18
419
369
10
18
419
369
10
18
419
369
10
18
419
369
10
18
419
369
10
18
418
369
10
18
418
369
10
18
418
369
10
18
418
369
10
18
418
369
10
18
418
368
10
18
419
368
10
18
419
368
10
18
419
367
10
18
420
367
10
18
421
367
10
18
422
367
10
18
422
367
10
18
422
367
10
18
422
367
10
18
422
367
10
18
422
367
10
18
422
367
10
18
423
368
10
18
423
368
10
18
423
368
10
18
421
367
10
18
421
367
10
18
421
367
10
18
422
367
10
18
420
367
10
18
420
367
10
18
420
367
10
18
420
367
10
18
421
367
10
18
421
367
10
18
421
368
10
18
421
368
10
18
421
368
10
18
421
368
10
18
422
368
10
18
422
365
10
18
416
363
10
18
416
363
10
18
415
363
10
18
414
363
10
18
413
363
10
18
412
363
10
18
411
363
10
18
411
363
10
18
411
363
10
18
411
363
10
18
412
362
10
18
413
362
10
18
413
362
10
18
413
362
10
18
413
362
10
18
413
362
10
18
413
362
10
18
413
362
10
18
412
362
10
18
412
362
10
18
412
363
10
18
412
363
10
18
412
363
10
18
412
363
10
18
412
363
10
18
412
363
10
18
412
363
10
18
412
363
10
18
412
363
10
18
412
363
10
18
411
363
10
18
410
363
10
18
409
363
10
18
409
362
10
18
412
360
10
18
412
360
10
18
411
360
10
18
411
360
10
18
411
360
10
18
411
360
10
18
411
360
10
18
411
360
10
18
411
360
10
18
411
360
10
18
412
360
10
18
412
360
10
18
411
360
10
18
412
360
10
18
411
359
10
18
411
359
10
18
411
359
10
18
411
359
10
18
413
359
10
18
412
359
10
18
411
359
10
18
410
359
10
18
410
361
10
18
410
361
10
18
410
361
10
18
410
361
10
18
408
358
10
18
408
357
10
18
408
357
10
18
409
357
10
18
409
357
10
18
409
357
10
18
409
357
10
18
409
357
10
18
409
357
10
18
409
357
10
18
409
357
10
18
409
357
10
18
409
357
10
18
404
354
10
18
403
354
10
18
402
354
10
18
401
354
10
18
400
354
10
18
400
354
10
18
400
354
10
18
400
354
10
18
400
355
10
18
400
355
10
18
400
354
10
18
400
354
10
18
399
354
10
18
399
354
10
18
400
354
10
18
400
354
10
18
400
354
10
18
399
353
10
18
399
353
10
18
399
353
10
18
399
353
10
18
399
353
10
18
399
353
10
18
399
353
10
18
398
353
10
18
398
353
10
18
398
353
10
18
397
352
10
18
397
352
10
18
397
352
10
18
