0
87
405
218
10
18
404
218
10
18
403
218
10
18
402
218
10
18
402
218
10
18
401
218
10
18
401
218
10
18
401
219
10
18
400
219
10
18
400
218
10
18
400
218
10
18
400
217
10
18
400
217
10
18
399
217
10
18
398
217
10
18
398
217
10
18
399
217
10
18
399
217
10
18
400
217
10
18
400
217
10
18
400
217
10
18
399
217
10
18
399
217
10
18
398
217
10
18
397
217
10
18
395
218
10
18
394
218
10
18
393
218
10
18
392
218
10
18
391
218
10
18
391
218
10
18
391
218
10
18
391
218
10
18
392
218
10
18
392
218
10
18
393
217
10
18
393
217
10
18
393
218
10
18
392
218
10
18
391
218
10
18
390
218
10
18
389
214
10
18
388
214
10
18
387
214
10
18
388
214
10
18
388
214
10
18
388
214
10
18
387
214
10
18
386
214
10
18
385
214
10
18
385
214
10
18
384
214
10
18
384
214
10
18
383
214
10
18
383
214
10
18
383
214
10
18
383
214
10
18
382
213
10
18
381
213
10
18
381
213
10
18
380
213
10
18
379
213
10
18
378
213
10
18
379
213
10
18
379
213
10
18
379
213
10
18
379
213
10
18
379
213
10
18
378
212
10
18
377
211
10
18
376
211
10
18
376
211
10
18
376
211
10
18
376
211
10
18
377
211
10
18
378
211
10
18
377
211
10
18
377
211
10
18
375
211
10
18
374
211
10
18
372
211
10
18
371
211
10
18
371
211
10
18
371
211
10
18
371
211
10
18
371
211
10
18
371
211
10
18
