0
154
423
252
10
18
422
252
10
18
421
252
10
18
420
252
10
18
420
252
10
18
419
252
10
18
419
252
10
18
419
253
10
18
419
253
10
18
419
253
10
18
420
253
10
18
420
252
10
18
420
252
10
18
419
252
10
18
418
252
10
18
418
252
10
18
419
252
10
18
420
252
10
18
421
251
10
18
421
251
10
18
421
251
10
18
421
250
10
18
421
250
10
18
420
250
10
18
419
249
10
18
417
249
10
18
417
249
10
18
417
249
10
18
416
249
10
18
415
249
10
18
415
249
10
18
415
249
10
18
415
249
10
18
416
248
10
18
417
248
10
18
417
247
10
18
417
248
10
18
417
248
10
18
416
249
10
18
415
249
10
18
413
249
10
18
416
245
10
18
416
245
10
18
416
246
10
18
418
246
10
18
419
246
10
18
419
246
10
18
418
246
10
18
417
245
10
18
417
245
10
18
418
244
10
18
417
244
10
18
417
244
10
18
416
244
10
18
416
244
10
18
416
244
10
18
416
244
10
18
416
242
10
18
415
242
10
18
416
242
10
18
415
242
10
18
415
242
10
18
415
242
10
18
415
242
10
18
416
242
10
18
416
242
10
18
416
242
10
18
416
242
10
18
416
241
10
18
415
241
10
18
414
241
10
18
414
241
10
18
414
241
10
18
414
241
10
18
414
241
10
18
415
240
10
18
414
240
10
18
414
239
10
18
413
239
10
18
412
239
10
18
410
240
10
18
410
240
10
18
407
238
10
18
407
238
10
18
407
238
10
18
407
237
10
18
407
236
10
18
408
236
10
18
408
236
10
18
408
230
10
18
408
230
10
18
407
231
10
18
407
230
10
18
407
229
10
18
407
229
10
18
407
228
10
18
407
228
10
18
406
227
10
18
406
227
10
18
405
226
10
18
404
226
10
18
403
226
10
18
402
226
10
18
401
226
10
18
401
226
10
18
401
226
10
18
401
226
10
18
401
227
10
18
401
227
10
18
401
227
10
18
401
226
10
18
401
226
10
18
401
226
10
18
401
223
10
18
401
223
10
18
401
223
10
18
401
223
10
18
401
223
10
18
400
223
10
18
399
223
10
18
399
223
10
18
398
223
10
18
397
223
10
18
396
223
10
18
396
223
10
18
397
222
10
18
396
222
10
18
396
221
10
18
396
221
10
18
396
221
10
18
396
221
10
18
396
221
10
18
396
221
10
18
395
221
10
18
395
221
10
18
395
221
10
18
395
221
10
18
395
221
10
18
394
221
10
18
394
221
10
18
394
221
10
18
393
221
10
18
393
221
10
18
393
221
10
18
393
221
10
18
392
220
10
18
391
220
10
18
391
220
10
18
391
220
10
18
390
220
10
18
390
220
10
18
390
220
10
18
390
218
10
18
390
218
10
18
