0
153
535
219
10
18
534
219
10
18
534
219
10
18
534
219
10
18
534
219
10
18
533
219
10
18
533
220
10
18
533
220
10
18
533
220
10
18
533
220
10
18
534
220
10
18
534
219
10
18
534
219
10
18
534
219
10
18
534
219
10
18
535
219
10
18
536
219
10
18
537
220
10
18
538
219
10
18
538
219
10
18
538
219
10
18
538
219
10
18
538
220
10
18
537
220
10
18
537
220
10
18
536
220
10
18
536
220
10
18
536
220
10
18
535
221
10
18
535
221
10
18
535
221
10
18
535
221
10
18
536
221
10
18
537
221
10
18
538
221
10
18
539
221
10
18
540
221
10
18
540
222
10
18
539
223
10
18
539
223
10
18
538
223
10
18
538
226
10
18
538
226
10
18
537
226
10
18
538
227
10
18
539
228
10
18
539
228
10
18
538
229
10
18
538
228
10
18
538
228
10
18
538
228
10
18
537
228
10
18
537
228
10
18
536
228
10
18
536
228
10
18
537
228
10
18
537
228
10
18
536
228
10
18
535
228
10
18
535
228
10
18
534
228
10
18
533
228
10
18
533
228
10
18
534
230
10
18
534
230
10
18
533
231
10
18
533
233
10
18
533
233
10
18
532
233
10
18
531
233
10
18
530
234
10
18
530
235
10
18
530
235
10
18
531
235
10
18
532
235
10
18
532
235
10
18
532
235
10
18
532
235
10
18
531
235
10
18
530
235
10
18
529
235
10
18
529
235
10
18
532
234
10
18
532
234
10
18
532
234
10
18
532
234
10
18
532
235
10
18
532
236
10
18
532
236
10
18
532
236
10
18
532
237
10
18
531
237
10
18
531
238
10
18
531
239
10
18
530
240
10
18
530
240
10
18
530
240
10
18
530
240
10
18
530
240
10
18
529
240
10
18
528
240
10
18
528
240
10
18
528
240
10
18
527
242
10
18
528
242
10
18
528
242
10
18
528
242
10
18
528
242
10
18
528
243
10
18
527
243
10
18
527
243
10
18
527
243
10
18
526
243
10
18
526
243
10
18
526
243
10
18
526
244
10
18
525
244
10
18
525
244
10
18
524
244
10
18
523
244
10
18
523
245
10
18
522
245
10
18
521
245
10
18
525
250
10
18
525
250
10
18
525
250
10
18
525
251
10
18
524
251
10
18
523
251
10
18
523
252
10
18
523
253
10
18
523
253
10
18
523
254
10
18
522
254
10
18
522
254
10
18
522
254
10
18
521
254
10
18
521
254
10
18
521
255
10
18
521
255
10
18
521
255
10
18
521
256
10
18
521
256
10
18
521
256
10
18
521
256
10
18
520
255
10
18
520
255
10
18
520
255
10
18
520
255
10
18
520
255
10
18
520
255
10
18
519
255
10
18
519
255
10
18
