148
132
510
171
10
18
510
171
10
18
510
171
10
18
510
171
10
18
510
171
10
18
510
171
10
18
510
171
10
18
510
171
10
18
510
173
10
18
510
173
10
18
510
173
10
18
510
173
10
18
510
173
10
18
510
173
10
18
510
174
10
18
510
174
10
18
510
175
10
18
509
175
10
18
509
175
10
18
508
175
10
18
507
175
10
18
507
175
10
18
507
175
10
18
507
175
10
18
507
175
10
18
507
175
10
18
507
175
10
18
506
175
10
18
506
175
10
18
506
177
10
18
506
178
10
18
506
178
10
18
507
179
10
18
507
179
10
18
507
180
10
18
507
180
10
18
507
180
10
18
506
180
10
18
506
180
10
18
506
181
10
18
506
181
10
18
504
187
10
18
504
187
10
18
504
187
10
18
504
187
10
18
504
187
10
18
504
187
10
18
504
187
10
18
504
187
10
18
504
187
10
18
504
187
10
18
504
187
10
18
504
188
10
18
504
188
10
18
505
188
10
18
505
189
10
18
505
189
10
18
505
189
10
18
505
189
10
18
505
189
10
18
505
188
10
18
504
188
10
18
504
188
10
18
504
188
10
18
504
188
10
18
503
188
10
18
503
189
10
18
503
189
10
18
503
189
10
18
503
189
10
18
504
190
10
18
505
190
10
18
505
190
10
18
505
190
10
18
505
190
10
18
505
190
10
18
505
191
10
18
505
191
10
18
506
191
10
18
506
191
10
18
506
191
10
18
506
191
10
18
506
196
10
18
506
196
10
18
506
196
10
18
507
196
10
18
507
197
10
18
507
198
10
18
506
198
10
18
506
198
10
18
505
198
10
18
505
198
10
18
505
198
10
18
505
198
10
18
505
198
10
18
505
198
10
18
505
198
10
18
505
198
10
18
505
198
10
18
505
198
10
18
505
198
10
18
505
198
10
18
505
198
10
18
505
198
10
18
505
198
10
18
505
198
10
18
505
198
10
18
505
198
10
18
505
198
10
18
505
198
10
18
505
199
10
18
505
199
10
18
505
199
10
18
505
199
10
18
505
200
10
18
505
200
10
18
504
200
10
18
504
200
10
18
504
200
10
18
504
200
10
18
504
200
10
18
503
200
10
18
503
200
10
18
505
203
10
18
505
203
10
18
505
203
10
18
505
203
10
18
506
203
10
18
506
203
10
18
506
203
10
18
506
203
10
18
506
203
10
18
