338
149
494
230
10
18
494
231
10
18
494
232
10
18
494
232
10
18
493
232
10
18
493
232
10
18
493
232
10
18
493
232
10
18
492
232
10
18
492
232
10
18
492
232
10
18
492
232
10
18
492
233
10
18
492
234
10
18
491
234
10
18
490
234
10
18
490
234
10
18
489
234
10
18
488
234
10
18
488
235
10
18
488
235
10
18
488
235
10
18
488
235
10
18
488
236
10
18
488
236
10
18
488
236
10
18
488
236
10
18
488
236
10
18
488
236
10
18
488
236
10
18
488
237
10
18
488
238
10
18
488
238
10
18
487
238
10
18
487
238
10
18
487
239
10
18
487
240
10
18
487
240
10
18
487
240
10
18
488
240
10
18
488
240
10
18
488
241
10
18
488
241
10
18
487
241
10
18
486
242
10
18
486
242
10
18
485
242
10
18
485
242
10
18
484
242
10
18
484
242
10
18
484
242
10
18
484
242
10
18
484
242
10
18
484
242
10
18
483
242
10
18
483
242
10
18
482
242
10
18
481
242
10
18
481
242
10
18
481
242
10
18
484
250
10
18
484
251
10
18
484
251
10
18
484
251
10
18
484
251
10
18
484
251
10
18
483
251
10
18
482
251
10
18
482
251
10
18
481
251
10
18
481
251
10
18
481
251
10
18
481
251
10
18
481
251
10
18
481
252
10
18
481
252
10
18
481
252
10
18
480
252
10
18
480
252
10
18
480
252
10
18
480
252
10
18
480
253
10
18
479
253
10
18
479
253
10
18
479
254
10
18
479
255
10
18
479
255
10
18
479
263
10
18
479
263
10
18
478
264
10
18
478
264
10
18
478
264
10
18
478
264
10
18
478
264
10
18
478
264
10
18
478
265
10
18
478
265
10
18
478
265
10
18
478
265
10
18
477
266
10
18
477
267
10
18
477
267
10
18
476
268
10
18
475
268
10
18
474
269
10
18
474
269
10
18
474
269
10
18
474
269
10
18
474
269
10
18
474
269
10
18
474
269
10
18
473
269
10
18
472
270
10
18
471
270
10
18
471
272
10
18
471
272
10
18
470
272
10
18
470
272
10
18
470
272
10
18
470
272
10
18
470
273
10
18
470
273
10
18
470
273
10
18
470
273
10
18
470
274
10
18
470
274
10
18
470
274
10
18
470
274
10
18
469
277
10
18
468
277
10
18
467
277
10
18
466
278
10
18
465
279
10
18
465
279
10
18
465
279
10
18
465
279
10
18
463
279
10
18
463
280
10
18
463
280
10
18
463
280
10
18
462
281
10
18
462
281
10
18
461
281
10
18
461
281
10
18
461
281
10
18
461
282
10
18
461
282
10
18
461
282
10
18
462
282
10
18
