338
279
663
316
10
18
663
316
10
18
662
317
10
18
661
315
10
18
660
314
10
18
659
314
10
18
658
313
10
18
657
313
10
18
656
313
10
18
655
312
10
18
654
312
10
18
653
312
10
18
652
312
10
18
652
312
10
18
651
312
10
18
650
312
10
18
649
310
10
18
648
310
10
18
647
310
10
18
646
310
10
18
645
309
10
18
644
309
10
18
643
307
10
18
642
307
10
18
642
307
10
18
641
307
10
18
640
307
10
18
640
307
10
18
639
306
10
18
638
306
10
18
637
306
10
18
636
306
10
18
635
306
10
18
635
306
10
18
634
305
10
18
633
305
10
18
632
305
10
18
632
305
10
18
631
305
10
18
631
305
10
18
630
304
10
18
628
313
10
18
627
313
10
18
625
313
10
18
623
313
10
18
622
313
10
18
620
313
10
18
620
313
10
18
619
313
10
18
619
313
10
18
619
313
10
18
619
313
10
18
619
313
10
18
618
313
10
18
617
314
10
18
616
313
10
18
615
313
10
18
614
311
10
18
613
311
10
18
613
311
10
18
612
311
10
18
611
311
10
18
610
311
10
18
609
310
10
18
608
310
10
18
607
310
10
18
606
310
10
18
605
309
10
18
604
309
10
18
603
309
10
18
603
309
10
18
603
309
10
18
603
309
10
18
602
309
10
18
602
310
10
18
601
310
10
18
601
310
10
18
600
310
10
18
600
310
10
18
599
309
10
18
599
309
10
18
598
309
10
18
589
309
10
18
588
308
10
18
587
308
10
18
586
308
10
18
585
308
10
18
584
308
10
18
583
308
10
18
582
308
10
18
582
308
10
18
581
308
10
18
580
308
10
18
578
308
10
18
577
308
10
18
575
307
10
18
574
307
10
18
574
307
10
18
574
307
10
18
572
307
10
18
580
306
10
18
579
306
10
18
577
306
10
18
576
306
10
18
574
306
10
18
573
305
10
18
572
305
10
18
571
305
10
18
570
305
10
18
569
305
10
18
568
305
10
18
567
305
10
18
566
305
10
18
564
305
10
18
564
303
10
18
563
302
10
18
562
302
10
18
561
302
10
18
561
302
10
18
560
302
10
18
560
302
10
18
559
302
10
18
558
301
10
18
558
301
10
18
558
301
10
18
557
301
10
18
556
301
10
18
555
301
10
18
555
299
10
18
554
299
10
18
553
299
10
18
552
299
10
18
551
298
10
18
550
298
10
18
550
298
10
18
549
298
10
18
548
298
10
18
547
298
10
18
547
298
10
18
545
296
10
18
544
297
10
18
539
303
10
18
538
303
10
18
537
303
10
18
536
302
10
18
536
302
10
18
536
302
10
18
536
301
10
18
536
301
10
18
536
301
10
18
536
301
10
18
536
301
10
18
535
301
10
18
534
301
10
18
533
301
10
18
533
301
10
18
532
301
10
18
532
302
10
18
532
302
10
18
531
302
10
18
531
302
10
18
530
302
10
18
529
302
10
18
529
302
10
18
528
302
10
18
527
301
10
18
526
301
10
18
525
301
10
18
525
301
10
18
523
301
10
18
522
301
10
18
522
301
10
18
522
301
10
18
523
299
10
18
522
298
10
18
520
297
10
18
520
299
10
18
520
299
10
18
519
299
10
18
518
300
10
18
517
300
10
18
515
299
10
18
508
292
10
18
507
292
10
18
506
292
10
18
505
292
10
18
505
292
10
18
505
292
10
18
505
295
10
18
505
295
10
18
505
295
10
18
505
295
10
18
505
295
10
18
504
294
10
18
503
296
10
18
503
296
10
18
503
296
10
18
502
295
10
18
502
295
10
18
502
295
10
18
502
295
10
18
502
295
10
18
502
293
10
18
502
293
10
18
501
293
10
18
501
293
10
18
500
293
10
18
499
293
10
18
498
293
10
18
498
293
10
18
497
293
10
18
497
293
10
18
496
293
10
18
496
293
10
18
496
293
10
18
496
293
10
18
496
293
10
18
496
293
10
18
496
293
10
18
496
293
10
18
497
293
10
18
497
293
10
18
497
293
10
18
489
289
10
18
487
288
10
18
486
288
10
18
486
288
10
18
485
288
10
18
485
288
10
18
484
288
10
18
483
288
10
18
483
288
10
18
483
288
10
18
483
288
10
18
483
288
10
18
483
288
10
18
483
288
10
18
483
287
10
18
483
287
10
18
483
287
10
18
483
287
10
18
483
287
10
18
483
287
10
18
483
287
10
18
483
287
10
18
483
287
10
18
482
287
10
18
482
287
10
18
482
287
10
18
482
287
10
18
481
287
10
18
480
287
10
18
479
287
10
18
478
287
10
18
478
287
10
18
478
287
10
18
479
287
10
18
479
287
10
18
479
287
10
18
479
286
10
18
479
286
10
18
478
287
10
18
478
287
10
18
478
287
10
18
480
293
10
18
480
293
10
18
479
294
10
18
479
294
10
18
479
294
10
18
479
294
10
18
479
295
10
18
479
295
10
18
479
295
10
18
478
295
10
18
478
295
10
18
477
296
10
18
476
296
10
18
476
296
10
18
476
296
10
18
