458
159
472
457
10
18
471
457
10
18
470
456
10
18
469
456
10
18
469
457
10
18
468
457
10
18
467
457
10
18
467
457
10
18
466
457
10
18
465
457
10
18
464
457
10
18
462
457
10
18
460
458
10
18
459
458
10
18
458
458
10
18
457
458
10
18
456
458
10
18
455
458
10
18
454
458
10
18
453
458
10
18
451
458
10
18
450
458
10
18
449
458
10
18
448
458
10
18
448
456
10
18
447
456
10
18
447
456
10
18
447
456
10
18
447
456
10
18
447
456
10
18
447
455
10
18
447
455
10
18
447
455
10
18
446
455
10
18
445
455
10
18
445
455
10
18
444
455
10
18
444
455
10
18
443
455
10
18
442
455
10
18
442
455
10
18
434
458
10
18
433
458
10
18
431
458
10
18
429
458
10
18
428
458
10
18
426
458
10
18
425
458
10
18
425
458
10
18
424
458
10
18
423
458
10
18
423
458
10
18
423
458
10
18
423
458
10
18
422
458
10
18
421
458
10
18
420
457
10
18
419
456
10
18
417
456
10
18
416
456
10
18
415
456
10
18
414
456
10
18
412
456
10
18
411
456
10
18
410
456
10
18
409
456
10
18
409
456
10
18
409
456
10
18
409
456
10
18
408
456
10
18
407
456
10
18
407
456
10
18
406
456
10
18
405
456
10
18
403
456
10
18
403
456
10
18
402
456
10
18
401
456
10
18
400
456
10
18
399
456
10
18
398
456
10
18
397
456
10
18
397
457
10
18
396
457
10
18
396
457
10
18
395
457
10
18
394
457
10
18
393
457
10
18
392
456
10
18
391
456
10
18
390
456
10
18
390
456
10
18
388
456
10
18
387
455
10
18
386
456
10
18
385
456
10
18
384
456
10
18
383
457
10
18
383
457
10
18
382
457
10
18
382
457
10
18
381
457
10
18
380
457
10
18
380
457
10
18
378
457
10
18
377
457
10
18
376
457
10
18
375
457
10
18
374
457
10
18
372
458
10
18
371
458
10
18
370
458
10
18
369
458
10
18
368
458
10
18
367
458
10
18
366
458
10
18
366
458
10
18
365
457
10
18
362
457
10
18
362
457
10
18
362
457
10
18
362
457
10
18
361
457
10
18
357
457
10
18
356
457
10
18
356
457
10
18
355
457
10
18
355
457
10
18
354
457
10
18
352
457
10
18
351
457
10
18
349
457
10
18
347
457
10
18
345
457
10
18
344
457
10
18
343
457
10
18
343
457
10
18
343
457
10
18
342
457
10
18
341
457
10
18
340
457
10
18
339
456
10
18
338
456
10
18
338
456
10
18
337
456
10
18
336
456
10
18
334
456
10
18
334
456
10
18
333
456
10
18
333
456
10
18
332
456
10
18
331
456
10
18
331
456
10
18
330
456
10
18
329
456
10
18
328
456
10
18
327
456
10
18
327
456
10
18
326
456
10
18
