0
326
442
98
10
14
450
96
10
14
453
96
10
14
456
96
10
14
459
96
10
14
461
96
10
14
462
95
10
14
463
94
10
14
464
94
10
14
463
94
10
14
464
93
10
14
464
93
10
14
462
92
10
14
462
91
10
14
461
91
10
14
459
91
10
14
458
90
10
14
458
90
10
14
456
90
10
14
456
90
10
14
456
90
10
14
456
90
10
14
455
90
10
14
456
90
10
14
457
90
10
14
459
90
10
14
460
90
10
14
461
90
10
14
462
90
10
14
463
85
10
14
464
85
10
14
465
84
10
14
466
84
10
14
467
83
10
14
468
82
10
14
468
82
10
14
464
82
10
14
463
81
10
14
461
80
10
14
459
80
10
14
458
80
10
14
456
80
10
14
455
80
10
14
454
80
10
14
453
80
10
14
452
80
10
14
451
80
10
14
449
80
10
14
449
77
10
14
448
77
10
14
445
77
10
14
443
77
10
14
440
77
10
14
437
77
10
14
434
77
10
14
432
77
10
14
431
77
10
14
430
77
10
14
429
77
10
14
428
78
10
14
428
77
10
14
428
77
10
14
428
77
10
14
426
77
10
14
425
77
10
14
423
77
10
14
422
77
10
14
420
77
10
14
419
77
10
14
417
77
10
14
415
77
10
14
413
77
10
14
412
77
10
14
410
77
10
14
408
77
10
14
407
77
10
14
404
77
10
14
402
77
10
14
400
78
10
14
398
78
10
14
396
78
10
14
395
77
10
14
394
77
10
14
395
76
10
14
396
76
10
14
401
78
10
14
404
78
10
14
407
78
10
14
410
78
10
14
413
78
10
14
419
80
10
14
422
80
10
14
424
81
10
14
427
81
10
14
429
81
10
14
431
82
10
14
432
83
10
14
432
83
10
14
431
84
10
14
431
85
10
14
430
85
10
14
429
85
10
14
428
85
10
14
428
85
10
14
427
85
10
14
427
85
10
14
426
85
10
14
424
85
10
14
423
85
10
14
422
85
10
14
421
85
10
14
420
85
10
14
419
85
10
14
418
85
10
14
417
85
10
14
416
85
10
14
415
85
10
14
413
86
10
14
413
85
10
14
413
85
10
14
413
85
10
14
414
85
10
14
415
85
10
14
417
85
10
14
423
88
10
14
426
88
10
14
429
88
10
14
435
88
10
14
438
88
10
14
441
88
10
14
444
88
10
14
446
88
10
14
448
88
10
14
451
88
10
14
452
87
10
14
452
87
10
14
452
87
10
14
453
87
10
14
454
87
10
14
455
87
10
14
457
87
10
14
462
91
10
14
464
91
10
14
467
91
10
14
469
91
10
14
471
91
10
14
473
92
10
14
476
92
10
14
478
93
10
14
480
92
10
14
482
92
10
14
484
92
10
14
485
92
10
14
485
92
10
14
483
92
10
14
481
92
10
14
479
92
10
14
477
92
10
14
475
92
10
14
473
92
10
14
471
92
10
14
469
92
10
14
468
92
10
14
466
92
10
14
467
90
10
14
468
90
10
14
469
89
10
14
473
92
10
14
476
92
10
14
479
92
10
14
482
92
10
14
485
92
10
14
488
92
10
14
488
91
10
14
490
91
10
14
491
91
10
14
492
90
10
14
492
90
10
14
492
90
10
14
492
90
10
14
492
90
10
14
492
90
10
14
491
90
10
14
490
90
10
14
489
90
10
14
489
90
10
14
489
90
10
14
489
91
10
14
489
90
10
14
489
90
10
14
489
90
10
14
489
90
10
14
490
90
10
14
492
90
10
14
495
90
10
14
496
90
10
14
499
90
10
14
502
90
10
14
505
90
10
14
507
90
10
14
509
89
10
14
509
89
10
14
509
89
10
14
508
89
10
14
507
88
10
14
505
88
10
14
502
88
10
14
501
88
10
14
500
87
10
14
500
87
10
14
500
87
10
14
500
87
10
14
500
87
10
14
499
89
10
14
498
89
10
14
498
90
10
14
498
90
10
14
497
91
10
14
497
90
10
14
497
90
10
14
497
91
10
14
497
91
10
14
497
91
10
14
498
90
10
14
498
90
10
14
497
90
10
14
497
90
10
14
497
90
10
14
495
91
10
14
494
91
10
14
492
91
10
14
492
91
10
14
491
91
10
14
492
90
10
14
493
90
10
14
495
90
10
14
496
89
10
14
498
89
10
14
499
88
10
14
499
88
10
14
499
88
10
14
500
89
10
14
500
88
10
14
501
87
10
14
502
87
10
14
501
87
10
14
500
87
10
14
500
87
10
14
499
87
10
14
498
87
10
14
497
86
10
14
497
85
10
14
497
86
10
14
498
85
10
14
500
84
10
14
503
84
10
14
505
84
10
14
508
84
10
14
515
83
10
14
518
83
10
14
520
83
10
14
521
82
10
14
523
83
10
14
524
82
10
14
524
82
10
14
524
81
10
14
522
81
10
14
520
80
10
14
516
80
10
14
515
80
10
14
513
80
10
14
511
79
10
14
510
79
10
14
510
77
10
14
510
77
10
14
511
76
10
14
512
76
10
14
513
75
10
14
514
74
10
14
515
74
10
14
516
74
10
14
516
74
10
14
517
74
10
14
518
74
10
14
518
71
10
14
519
71
10
14
519
70
10
14
519
70
10
14
520
70
10
14
520
70
10
14
521
69
10
14
526
70
10
14
526
69
10
14
526
69
10
14
526
69
10
14
526
69
10
14
525
68
10
14
525
68
10
14
525
68
10
14
524
68
10
14
523
67
10
14
522
67
10
14
521
66
10
14
520
66
10
14
519
66
10
14
519
66
10
14
518
66
10
14
519
64
10
14
518
64
10
14
517
65
10
14
515
65
10
14
512
65
10
14
510
65
10
14
507
65
10
14
504
65
10
14
501
65
10
14
499
65
10
14
497
65
10
14
496
65
10
14
495
66
10
14
494
66
10
14
495
66
10
14
495
66
10
14
495
67
10
14
496
67
10
14
499
67
10
14
