0
326
402
90
10
14
410
90
10
14
413
90
10
14
415
90
10
14
418
90
10
14
420
90
10
14
424
87
10
14
425
86
10
14
426
86
10
14
425
86
10
14
426
86
10
14
426
85
10
14
425
85
10
14
426
84
10
14
424
85
10
14
422
85
10
14
421
84
10
14
421
84
10
14
419
84
10
14
421
82
10
14
421
82
10
14
421
82
10
14
421
81
10
14
422
81
10
14
423
81
10
14
421
80
10
14
422
80
10
14
423
80
10
14
424
79
10
14
425
79
10
14
426
79
10
14
427
78
10
14
428
78
10
14
429
77
10
14
429
77
10
14
429
77
10
14
427
76
10
14
426
76
10
14
424
76
10
14
422
75
10
14
421
75
10
14
419
75
10
14
417
74
10
14
416
74
10
14
415
73
10
14
414
73
10
14
413
73
10
14
411
72
10
14
410
72
10
14
409
72
10
14
406
72
10
14
404
72
10
14
402
71
10
14
399
71
10
14
397
71
10
14
395
71
10
14
394
70
10
14
393
70
10
14
393
70
10
14
393
70
10
14
393
70
10
14
393
70
10
14
393
69
10
14
392
69
10
14
392
69
10
14
390
69
10
14
388
68
10
14
386
68
10
14
385
68
10
14
383
68
10
14
381
69
10
14
379
69
10
14
378
69
10
14
375
66
10
14
373
66
10
14
372
66
10
14
369
66
10
14
368
66
10
14
366
66
10
14
364
66
10
14
362
66
10
14
360
65
10
14
359
66
10
14
359
65
10
14
360
65
10
14
362
65
10
14
365
65
10
14
368
65
10
14
376
70
10
14
379
70
10
14
382
70
10
14
385
70
10
14
387
70
10
14
390
70
10
14
392
69
10
14
397
72
10
14
398
73
10
14
398
73
10
14
396
73
10
14
396
73
10
14
396
73
10
14
395
73
10
14
394
73
10
14
394
72
10
14
394
72
10
14
393
72
10
14
392
72
10
14
391
72
10
14
390
72
10
14
389
72
10
14
388
72
10
14
387
72
10
14
386
72
10
14
385
72
10
14
384
72
10
14
383
72
10
14
382
72
10
14
381
72
10
14
381
72
10
14
380
72
10
14
379
71
10
14
382
76
10
14
383
76
10
14
386
76
10
14
389
76
10
14
392
76
10
14
395
76
10
14
398
76
10
14
401
76
10
14
404
76
10
14
406
75
10
14
409
75
10
14
411
75
10
14
413
75
10
14
415
75
10
14
415
75
10
14
416
75
10
14
416
75
10
14
418
75
10
14
419
75
10
14
422
75
10
14
424
75
10
14
430
78
10
14
432
80
10
14
434
80
10
14
437
80
10
14
439
80
10
14
442
80
10
14
444
81
10
14
446
81
10
14
448
81
10
14
449
81
10
14
450
81
10
14
450
81
10
14
448
81
10
14
446
80
10
14
444
81
10
14
442
81
10
14
439
81
10
14
437
81
10
14
435
81
10
14
433
81
10
14
432
81
10
14
430
81
10
14
430
81
10
14
431
81
10
14
433
81
10
14
435
82
10
14
438
82
10
14
441
82
10
14
444
82
10
14
446
82
10
14
449
82
10
14
452
82
10
14
453
82
10
14
454
82
10
14
454
81
10
14
454
81
10
14
455
81
10
14
455
81
10
14
454
81
10
14
453
81
10
14
453
81
10
14
455
81
10
14
454
81
10
14
454
81
10
14
454
81
10
14
454
82
10
14
454
82
10
14
454
82
10
14
455
82
10
14
455
82
10
14
456
82
10
14
458
82
10
14
460
82
10
14
462
82
10
14
464
82
10
14
467
82
10
14
467
84
10
14
469
84
10
14
471
83
10
14
471
83
10
14
471
82
10
14
471
82
10
14
470
81
10
14
468
82
10
14
466
82
10
14
465
82
10
14
465
82
10
14
465
81
10
14
465
81
10
14
465
81
10
14
464
81
10
14
464
81
10
14
462
81
10
14
462
81
10
14
461
81
10
14
462
82
10
14
462
81
10
14
462
81
10
14
463
82
10
14
463
82
10
14
463
82
10
14
464
82
10
14
464
82
10
14
463
82
10
14
463
82
10
14
462
82
10
14
462
81
10
14
463
80
10
14
459
81
10
14
458
83
10
14
458
83
10
14
459
83
10
14
460
82
10
14
458
82
10
14
462
81
10
14
464
81
10
14
465
80
10
14
465
80
10
14
465
81
10
14
466
80
10
14
466
82
10
14
467
81
10
14
467
80
10
14
467
80
10
14
466
80
10
14
466
79
10
14
465
79
10
14
465
78
10
14
465
77
10
14
465
77
10
14
463
79
10
14
465
77
10
14
467
77
10
14
470
77
10
14
472
76
10
14
479
75
10
14
482
75
10
14
485
75
10
14
487
75
10
14
489
73
10
14
490
73
10
14
491
73
10
14
490
73
10
14
489
73
10
14
488
73
10
14
486
71
10
14
484
71
10
14
482
71
10
14
482
68
10
14
480
68
10
14
479
68
10
14
479
67
10
14
479
67
10
14
481
67
10
14
482
68
10
14
483
68
10
14
484
66
10
14
485
66
10
14
486
66
10
14
487
66
10
14
488
66
10
14
489
66
10
14
490
66
10
14
490
66
10
14
491
66
10
14
491
65
10
14
490
62
10
14
490
62
10
14
490
61
10
14
491
61
10
14
491
61
10
14
491
61
10
14
491
61
10
14
491
61
10
14
490
61
10
14
490
62
10
14
490
62
10
14
489
62
10
14
488
61
10
14
487
61
10
14
486
60
10
14
484
60
10
14
482
60
10
14
482
60
10
14
481
60
10
14
479
60
10
14
478
60
10
14
477
62
10
14
475
62
10
14
473
62
10
14
471
62
10
14
468
62
10
14
465
62
10
14
462
62
10
14
460
60
10
14
459
60
10
14
459
60
10
14
458
61
10
14
458
61
10
14
459
61
10
14
460
61
10
14
460
61
10
14
461
61
10
14
464
61
10
14
