0
326
587
328
10
14
590
328
10
14
593
328
10
14
595
328
10
14
597
328
10
14
598
328
10
14
599
327
10
14
599
327
10
14
599
327
10
14
597
327
10
14
597
327
10
14
596
327
10
14
594
326
10
14
593
327
10
14
591
327
10
14
589
326
10
14
587
326
10
14
587
326
10
14
584
326
10
14
583
326
10
14
582
326
10
14
581
326
10
14
580
326
10
14
580
326
10
14
580
326
10
14
580
326
10
14
582
325
10
14
582
325
10
14
582
325
10
14
582
325
10
14
582
325
10
14
583
324
10
14
584
324
10
14
584
324
10
14
584
324
10
14
583
322
10
14
580
322
10
14
577
322
10
14
575
321
10
14
572
321
10
14
569
321
10
14
566
321
10
14
564
321
10
14
562
320
10
14
561
319
10
14
559
319
10
14
557
319
10
14
554
319
10
14
552
319
10
14
550
319
10
14
547
319
10
14
544
319
10
14
541
319
10
14
538
319
10
14
535
319
10
14
532
319
10
14
530
318
10
14
528
318
10
14
527
318
10
14
526
318
10
14
524
317
10
14
523
317
10
14
522
317
10
14
521
317
10
14
520
317
10
14
517
317
10
14
515
317
10
14
512
317
10
14
510
317
10
14
507
317
10
14
505
317
10
14
502
317
10
14
500
317
10
14
498
318
10
14
496
318
10
14
494
318
10
14
494
321
10
14
492
321
10
14
489
321
10
14
486
321
10
14
483
321
10
14
481
320
10
14
479
320
10
14
478
319
10
14
478
319
10
14
480
319
10
14
483
319
10
14
486
319
10
14
489
319
10
14
491
319
10
14
494
319
10
14
498
325
10
14
500
326
10
14
502
326
10
14
503
327
10
14
504
328
10
14
504
329
10
14
503
329
10
14
501
330
10
14
500
331
10
14
499
331
10
14
497
331
10
14
495
331
10
14
495
332
10
14
493
332
10
14
492
332
10
14
491
332
10
14
489
332
10
14
487
332
10
14
485
332
10
14
484
332
10
14
482
332
10
14
480
332
10
14
478
332
10
14
476
332
10
14
474
332
10
14
473
332
10
14
470
332
10
14
469
332
10
14
467
332
10
14
466
332
10
14
466
332
10
14
467
332
10
14
469
333
10
14
472
333
10
14
480
335
10
14
482
336
10
14
485
336
10
14
488
336
10
14
490
336
10
14
492
336
10
14
494
336
10
14
496
336
10
14
497
336
10
14
498
337
10
14
497
337
10
14
497
337
10
14
497
337
10
14
497
337
10
14
498
337
10
14
499
337
10
14
503
340
10
14
505
340
10
14
507
341
10
14
509
341
10
14
511
341
10
14
512
341
10
14
514
341
10
14
516
341
10
14
517
341
10
14
518
341
10
14
519
341
10
14
519
341
10
14
518
341
10
14
515
341
10
14
513
341
10
14
510
341
10
14
507
341
10
14
504
341
10
14
501
341
10
14
498
341
10
14
496
341
10
14
494
341
10
14
492
341
10
14
491
342
10
14
491
342
10
14
492
341
10
14
493
342
10
14
495
342
10
14
497
342
10
14
499
342
10
14
501
342
10
14
503
342
10
14
504
342
10
14
505
342
10
14
506
342
10
14
506
342
10
14
505
342
10
14
505
342
10
14
505
342
10
14
504
342
10
14
503
342
10
14
500
345
10
14
499
346
10
14
498
346
10
14
497
346
10
14
496
346
10
14
495
347
10
14
495
347
10
14
495
348
10
14
495
348
10
14
495
348
10
14
496
348
10
14
497
348
10
14
499
348
10
14
501
348
10
14
503
348
10
14
506
348
10
14
508
348
10
14
510
349
10
14
511
349
10
14
511
349
10
14
510
349
10
14
508
349
10
14
506
349
10
14
503
349
10
14
500
349
10
14
498
349
10
14
496
348
10
14
494
349
10
14
493
349
10
14
492
349
10
14
491
350
10
14
490
350
10
14
487
350
10
14
486
350
10
14
484
350
10
14
484
349
10
14
483
349
10
14
483
349
10
14
482
349
10
14
482
349
10
14
481
349
10
14
482
348
10
14
481
348
10
14
480
348
10
14
479
348
10
14
478
348
10
14
475
348
10
14
473
348
10
14
472
348
10
14
471
348
10
14
470
348
10
14
469
348
10
14
469
348
10
14
469
348
10
14
469
348
10
14
470
348
10
14
470
348
10
14
469
348
10
14
468
348
10
14
468
348
10
14
467
347
10
14
467
347
10
14
467
347
10
14
465
347
10
14
463
347
10
14
461
347
10
14
460
347
10
14
458
347
10
14
457
347
10
14
457
347
10
14
456
347
10
14
457
346
10
14
459
345
10
14
462
345
10
14
464
345
10
14
467
345
10
14
470
345
10
14
473
345
10
14
474
345
10
14
475
344
10
14
476
344
10
14
475
344
10
14
475
345
10
14
474
345
10
14
472
344
10
14
470
343
10
14
467
343
10
14
465
343
10
14
463
342
10
14
461
342
10
14
459
342
10
14
459
342
10
14
459
342
10
14
460
341
10
14
461
341
10
14
461
341
10
14
461
340
10
14
461
340
10
14
461
341
10
14
461
341
10
14
461
341
10
14
461
341
10
14
461
340
10
14
460
338
10
14
461
338
10
14
460
338
10
14
461
339
10
14
460
339
10
14
460
338
10
14
460
338
10
14
460
337
10
14
459
337
10
14
458
337
10
14
457
336
10
14
456
336
10
14
455
336
10
14
455
336
10
14
454
335
10
14
452
335
10
14
450
335
10
14
448
335
10
14
445
335
10
14
443
335
10
14
440
334
10
14
438
334
10
14
435
334
10
14
433
334
10
14
431
334
10
14
428
334
10
14
425
334
10
14
422
334
10
14
419
334
10
14
416
334
10
14
413
334
10
14
411
334
10
14
408
334
10
14
406
334
10
14
405
334
10
14
404
334
10
14
403
334
10
14
402
335
10
14
401
335
10
14
400
336
10
14
402
336
10
14
