70
64
689
101
10
14
686
101
10
14
684
101
10
14
682
101
10
14
680
101
10
14
678
101
10
14
675
101
10
14
673
101
10
14
670
101
10
14
668
101
10
14
665
101
10
14
664
106
10
14
663
106
10
14
663
106
10
14
664
105
10
14
666
106
10
14
669
106
10
14
672
106
10
14
672
103
10
14
675
103
10
14
682
111
10
14
685
111
10
14
687
113
10
14
689
113
10
14
692
113
10
14
692
115
10
14
692
116
10
14
692
116
10
14
690
117
10
14
689
117
10
14
688
117
10
14
688
117
10
14
687
116
10
14
686
116
10
14
685
116
10
14
684
119
10
14
683
119
10
14
681
119
10
14
680
118
10
14
679
116
10
14
677
116
10
14
676
114
10
14
674
116
10
14
672
116
10
14
672
122
10
14
671
121
10
14
668
120
10
14
666
119
10
14
665
119
10
14
664
118
10
14
663
118
10
14
663
118
10
14
664
116
10
14
666
127
10
14
669
127
10
14
672
127
10
14
675
127
10
14
678
127
10
14
684
125
10
14
687
125
10
14
689
125
10
14
690
125
10
14
692
124
10
14
690
123
10
14
