0
320
333
164
9
15
334
164
9
15
335
164
9
15
335
164
9
15
335
164
9
15
335
164
9
15
335
162
9
15
335
162
9
15
335
162
9
15
336
161
9
15
336
161
9
15
338
162
9
15
339
162
9
15
340
162
9
15
340
162
9
15
340
162
9
15
340
162
9
15
341
162
9
15
341
162
9
15
342
163
9
15
343
163
9
15
343
163
9
15
343
163
9
15
343
163
9
15
344
163
9
15
344
163
9
15
344
163
9
15
344
162
9
15
344
162
9
15
344
162
9
15
345
162
9
15
345
162
9
15
346
162
9
15
347
162
9
15
348
162
9
15
348
161
9
15
348
160
9
15
349
160
9
15
349
160
9
15
349
160
9
15
350
160
9
15
352
158
9
15
353
159
9
15
354
159
9
15
354
159
9
15
355
161
9
15
355
160
9
15
356
159
9
15
357
158
9
15
358
159
9
15
359
158
9
15
359
158
9
15
360
158
9
15
361
158
9
15
361
157
9
15
363
157
9
15
363
157
9
15
363
157
9
15
364
158
9
15
363
157
9
15
364
156
9
15
365
154
9
15
366
153
9
15
367
152
9
15
367
152
9
15
367
153
9
15
367
153
9
15
367
153
9
15
368
152
9
15
368
152
9
15
369
152
9
15
370
153
9
15
371
153
9
15
372
153
9
15
372
153
9
15
373
152
9
15
373
152
9
15
373
150
9
15
374
148
9
15
374
148
9
15
375
148
9
15
375
149
9
15
375
150
9
15
375
149
9
15
376
149
9
15
376
149
9
15
377
152
9
15
378
151
9
15
378
151
9
15
379
150
9
15
380
149
9
15
381
149
9
15
381
149
9
15
382
149
9
15
383
149
9
15
384
149
9
15
385
148
9
15
386
147
9
15
386
148
9
15
388
146
9
15
389
147
9
15
387
150
9
15
388
150
9
15
389
152
9
15
389
151
9
15
389
152
9
15
389
152
9
15
390
151
9
15
391
151
9
15
392
151
9
15
393
151
9
15
393
148
9
15
394
147
9
15
394
148
9
15
395
147
9
15
396
147
9
15
397
147
9
15
397
147
9
15
398
147
9
15
398
147
9
15
399
147
9
15
400
147
9
15
401
147
9
15
402
147
9
15
402
147
9
15
402
147
9
15
403
147
9
15
403
147
9
15
403
145
9
15
404
145
9
15
405
145
9
15
405
146
9
15
406
146
9
15
407
146
9
15
407
146
9
15
407
146
9
15
407
148
9
15
408
146
9
15
409
145
9
15
410
145
9
15
410
145
9
15
411
146
9
15
410
147
9
15
410
146
9
15
410
146
9
15
410
146
9
15
411
145
9
15
412
145
9
15
413
145
9
15
414
143
9
15
414
143
9
15
415
143
9
15
416
143
9
15
417
141
9
15
418
141
9
15
419
139
9
15
420
138
9
15
421
136
9
15
422
136
9
15
423
136
9
15
421
146
9
15
421
146
9
15
421
146
9
15
421
147
9
15
422
147
9
15
422
147
9
15
423
146
9
15
424
146
9
15
425
145
9
15
426
145
9
15
427
147
9
15
428
145
9
15
428
145
9
15
428
146
9
15
429
146
9
15
429
148
9
15
431
148
9
15
432
147
9
15
434
148
9
15
434
148
9
15
435
148
9
15
436
148
9
15
437
148
9
15
438
148
9
15
439
148
9
15
437
148
9
15
438
148
9
15
439
146
9
15
440
146
9
15
441
145
9
15
441
145
9
15
441
145
9
15
441
145
9
15
441
145
9
15
441
145
9
15
442
147
9
15
442
147
9
15
443
147
9
15
444
146
9
15
445
146
9
15
445
146
9
15
446
140
9
15
446
140
9
15
446
140
9
15
447
140
9
15
448
140
9
15
449
140
9
15
450
139
9
15
451
139
9
15
452
139
9
15
453
139
9
15
453
137
9
15
452
137
9
15
453
138
9
15
453
138
9
15
453
138
9
15
454
138
9
15
455
138
9
15
455
138
9
15
456
137
9
15
457
136
9
15
457
136
9
15
458
136
9
15
458
135
9
15
459
134
9
15
459
134
9
15
460
134
9
15
461
134
9
15
461
134
9
15
462
134
9
15
463
134
9
15
463
134
9
15
464
134
9
15
464
134
9
15
465
134
9
15
465
134
9
15
466
134
9
15
467
135
9
15
467
135
9
15
467
135
9
15
468
135
9
15
468
135
9
15
469
143
9
15
469
144
9
15
470
144
9
15
470
144
9
15
471
144
9
15
471
144
9
15
471
145
9
15
471
146
9
15
471
146
9
15
471
145
9
15
472
143
9
15
473
143
9
15
474
143
9
15
475
143
9
15
475
143
9
15
476
143
9
15
476
146
9
15
477
144
9
15
481
144
9
15
481
144
9
15
481
144
9
15
481
144
9
15
481
141
9
15
481
140
9
15
482
141
9
15
482
141
9
15
483
141
9
15
484
142
9
15
484
142
9
15
485
142
9
15
485
142
9
15
486
142
9
15
486
142
9
15
487
142
9
15
487
142
9
15
487
142
9
15
487
142
9
15
488
142
9
15
488
142
9
15
488
143
9
15
488
143
9
15
489
143
9
15
490
143
9
15
491
143
9
15
491
143
9
15
492
143
9
15
493
143
9
15
494
143
9
15
494
143
9
15
495
144
9
15
496
144
9
15
496
144
9
15
496
144
9
15
497
144
9
15
498
144
9
15
498
144
9
15
498
144
9
15
498
144
9
15
499
144
9
15
497
144
9
15
497
144
9
15
497
144
9
15
498
144
9
15
498
144
9
15
498
144
9
15
498
144
9
15
498
145
9
15
498
145
9
15
498
145
9
15
498
145
9
15
497
145
9
15
497
145
9
15
498
145
9
15
498
145
9
15
498
145
9
15
498
145
9
15
498
145
9
15
498
145
9
15
