0
320
105
209
9
15
105
209
9
15
105
209
9
15
105
209
9
15
104
208
9
15
104
208
9
15
104
208
9
15
104
208
9
15
104
208
9
15
105
207
9
15
105
207
9
15
107
207
9
15
108
207
9
15
108
207
9
15
108
207
9
15
107
206
9
15
108
206
9
15
108
206
9
15
108
206
9
15
108
206
9
15
109
206
9
15
109
206
9
15
109
206
9
15
109
206
9
15
110
206
9
15
110
206
9
15
110
206
9
15
110
207
9
15
110
207
9
15
110
207
9
15
111
205
9
15
111
205
9
15
112
205
9
15
113
205
9
15
113
206
9
15
113
206
9
15
113
206
9
15
113
206
9
15
113
206
9
15
113
205
9
15
113
203
9
15
114
201
9
15
115
201
9
15
116
201
9
15
116
201
9
15
116
201
9
15
116
201
9
15
117
201
9
15
117
200
9
15
117
200
9
15
118
200
9
15
118
200
9
15
118
200
9
15
119
200
9
15
119
201
9
15
120
200
9
15
120
200
9
15
120
200
9
15
120
200
9
15
119
200
9
15
120
200
9
15
120
200
9
15
120
200
9
15
120
200
9
15
120
200
9
15
120
200
9
15
120
200
9
15
120
200
9
15
121
200
9
15
121
200
9
15
121
200
9
15
121
200
9
15
122
199
9
15
123
199
9
15
123
199
9
15
123
198
9
15
123
198
9
15
123
198
9
15
123
198
9
15
123
198
9
15
123
198
9
15
123
198
9
15
126
194
9
15
126
195
9
15
126
194
9
15
126
194
9
15
126
194
9
15
127
193
9
15
127
193
9
15
128
193
9
15
128
193
9
15
128
192
9
15
128
192
9
15
128
192
9
15
128
192
9
15
128
193
9
15
128
192
9
15
128
192
9
15
128
192
9
15
128
192
9
15
128
192
9
15
128
192
9
15
129
191
9
15
129
191
9
15
129
191
9
15
129
191
9
15
129
191
9
15
129
191
9
15
129
191
9
15
129
191
9
15
130
190
9
15
130
190
9
15
130
190
9
15
130
189
9
15
130
189
9
15
130
189
9
15
130
189
9
15
130
189
9
15
131
189
9
15
131
189
9
15
132
189
9
15
132
189
9
15
132
189
9
15
131
188
9
15
131
189
9
15
131
189
9
15
131
189
9
15
131
189
9
15
131
189
9
15
131
189
9
15
131
189
9
15
131
189
9
15
131
189
9
15
131
189
9
15
131
189
9
15
131
188
9
15
131
188
9
15
131
188
9
15
132
188
9
15
132
188
9
15
132
188
9
15
132
188
9
15
132
189
9
15
131
189
9
15
131
189
9
15
131
189
9
15
131
188
9
15
131
188
9
15
132
188
9
15
132
188
9
15
132
188
9
15
132
187
9
15
132
187
9
15
132
187
9
15
132
187
9
15
133
187
9
15
133
187
9
15
133
187
9
15
133
187
9
15
134
187
9
15
134
187
9
15
134
187
9
15
133
187
9
15
133
187
9
15
134
184
9
15
134
184
9
15
135
184
9
15
135
185
9
15
135
185
9
15
135
185
9
15
136
185
9
15
136
185
9
15
136
185
9
15
135
185
9
15
135
185
9
15
135
185
9
15
135
183
9
15
136
183
9
15
136
183
9
15
136
183
9
15
137
183
9
15
138
183
9
15
138
183
9
15
138
182
9
15
138
182
9
15
138
183
9
15
139
182
9
15
139
181
9
15
139
181
9
15
139
181
9
15
139
181
9
15
139
181
9
15
138
180
9
15
138
180
9
15
138
180
9
15
139
180
9
15
139
180
9
15
140
180
9
15
141
180
9
15
141
180
9
15
141
179
9
15
141
179
9
15
141
179
9
15
141
179
9
15
141
179
9
15
141
178
9
15
142
178
9
15
143
178
9
15
143
177
9
15
144
176
9
15
143
174
9
15
143
174
9
15
143
174
9
15
143
174
9
15
143
174
9
15
143
174
9
15
144
174
9
15
145
174
9
15
145
174
9
15
145
175
9
15
145
174
9
15
145
174
9
15
145
174
9
15
147
173
9
15
147
173
9
15
147
175
9
15
148
175
9
15
148
172
9
15
148
172
9
15
149
172
9
15
149
172
9
15
149
172
9
15
150
172
9
15
150
172
9
15
151
172
9
15
151
172
9
15
151
172
9
15
151
172
9
15
151
172
9
15
153
170
9
15
153
170
9
15
153
170
9
15
153
169
9
15
153
169
9
15
155
168
9
15
155
169
9
15
156
169
9
15
154
165
9
15
154
165
9
15
154
165
9
15
154
165
9
15
154
165
9
15
154
164
9
15
155
163
9
15
156
163
9
15
156
162
9
15
157
163
9
15
157
163
9
15
158
163
9
15
158
163
9
15
158
163
9
15
158
163
9
15
158
163
9
15
158
163
9
15
158
162
9
15
159
161
9
15
159
161
9
15
159
161
9
15
160
160
9
15
161
160
9
15
161
160
9
15
162
159
9
15
162
159
9
15
163
158
9
15
163
158
9
15
163
158
9
15
163
158
9
15
164
158
9
15
164
156
9
15
165
156
9
15
165
156
9
15
165
157
9
15
165
157
9
15
166
155
9
15
166
155
9
15
167
153
9
15
167
153
9
15
167
154
9
15
171
160
9
15
171
160
9
15
171
160
9
15
172
160
9
15
173
160
9
15
173
160
9
15
173
160
9
15
173
160
9
15
174
160
9
15
174
160
9
15
174
160
9
15
175
160
9
15
176
159
9
15
176
159
9
15
177
159
9
15
177
159
9
15
177
160
9
15
177
160
9
15
177
160
9
15
177
159
9
15
177
160
9
15
178
159
9
15
178
159
9
15
178
159
9
15
177
158
9
15
177
158
9
15
177
158
9
15
177
158
9
15
177
158
9
15
177
158
9
15
177
158
9
15
177
158
9
15
