0
320
160
211
9
15
160
211
9
15
160
211
9
15
160
211
9
15
160
211
9
15
160
211
9
15
159
211
9
15
159
211
9
15
159
211
9
15
160
210
9
15
160
210
9
15
161
211
9
15
161
211
9
15
161
211
9
15
161
211
9
15
160
211
9
15
161
211
9
15
161
211
9
15
161
210
9
15
161
210
9
15
162
210
9
15
162
210
9
15
162
210
9
15
162
211
9
15
163
211
9
15
163
211
9
15
162
211
9
15
162
211
9
15
162
211
9
15
162
209
9
15
162
209
9
15
162
208
9
15
162
209
9
15
163
209
9
15
163
209
9
15
163
209
9
15
163
210
9
15
163
210
9
15
163
210
9
15
163
210
9
15
163
210
9
15
161
208
9
15
162
208
9
15
162
208
9
15
162
208
9
15
162
208
9
15
162
208
9
15
163
207
9
15
164
206
9
15
164
206
9
15
164
206
9
15
164
206
9
15
164
206
9
15
165
205
9
15
165
205
9
15
166
205
9
15
165
205
9
15
165
205
9
15
165
205
9
15
165
205
9
15
166
205
9
15
166
205
9
15
166
205
9
15
166
205
9
15
166
206
9
15
166
206
9
15
166
204
9
15
166
204
9
15
166
204
9
15
166
204
9
15
166
204
9
15
166
204
9
15
167
205
9
15
167
204
9
15
167
204
9
15
167
204
9
15
167
204
9
15
167
205
9
15
167
205
9
15
167
207
9
15
167
207
9
15
167
207
9
15
165
204
9
15
165
204
9
15
165
204
9
15
165
204
9
15
165
204
9
15
166
204
9
15
166
204
9
15
169
203
9
15
169
203
9
15
169
203
9
15
169
203
9
15
169
203
9
15
169
204
9
15
169
204
9
15
169
204
9
15
170
205
9
15
168
201
9
15
168
201
9
15
168
200
9
15
168
200
9
15
169
200
9
15
169
200
9
15
169
200
9
15
168
200
9
15
168
200
9
15
168
200
9
15
168
200
9
15
168
200
9
15
168
199
9
15
169
199
9
15
169
199
9
15
169
199
9
15
169
198
9
15
169
198
9
15
169
198
9
15
169
198
9
15
169
198
9
15
169
198
9
15
171
197
9
15
171
197
9
15
171
197
9
15
171
197
9
15
171
196
9
15
171
196
9
15
171
196
9
15
171
196
9
15
170
196
9
15
170
196
9
15
170
196
9
15
170
196
9
15
171
196
9
15
171
196
9
15
171
196
9
15
171
195
9
15
171
195
9
15
171
195
9
15
172
195
9
15
172
195
9
15
172
195
9
15
173
195
9
15
173
195
9
15
172
195
9
15
172
195
9
15
171
195
9
15
171
195
9
15
171
194
9
15
172
194
9
15
172
194
9
15
172
194
9
15
175
194
9
15
175
194
9
15
175
194
9
15
175
193
9
15
176
193
9
15
177
193
9
15
177
193
9
15
177
193
9
15
178
193
9
15
178
193
9
15
177
194
9
15
176
194
9
15
176
194
9
15
176
194
9
15
176
194
9
15
177
194
9
15
177
194
9
15
177
194
9
15
177
194
9
15
178
194
9
15
178
194
9
15
177
194
9
15
176
194
9
15
176
194
9
15
175
194
9
15
175
194
9
15
175
193
9
15
175
192
9
15
175
192
9
15
175
191
9
15
176
191
9
15
176
191
9
15
177
191
9
15
177
191
9
15
177
192
9
15
177
191
9
15
179
190
9
15
179
190
9
15
179
190
9
15
179
190
9
15
178
190
9
15
178
190
9
15
177
191
9
15
177
191
9
15
178
190
9
15
178
190
9
15
178
190
9
15
178
190
9
15
179
189
9
15
179
188
9
15
179
188
9
15
181
187
9
15
180
187
9
15
180
187
9
15
180
187
9
15
181
187
9
15
182
187
9
15
182
187
9
15
182
187
9
15
182
187
9
15
182
186
9
15
182
186
9
15
182
186
9
15
182
186
9
15
182
186
9
15
182
186
9
15
183
186
9
15
183
186
9
15
183
185
9
15
183
185
9
15
183
185
9
15
183
185
9
15
183
185
9
15
183
185
9
15
183
185
9
15
184
185
9
15
184
185
9
15
184
185
9
15
184
185
9
15
184
185
9
15
184
185
9
15
184
182
9
15
184
182
9
15
185
182
9
15
185
182
9
15
185
182
9
15
185
182
9
15
185
182
9
15
185
182
9
15
184
183
9
15
183
183
9
15
183
184
9
15
183
184
9
15
183
184
9
15
182
184
9
15
182
184
9
15
182
184
9
15
182
184
9
15
182
184
9
15
182
184
9
15
182
184
9
15
182
184
9
15
182
184
9
15
182
184
9
15
182
184
9
15
182
184
9
15
182
184
9
15
182
184
9
15
182
184
9
15
181
179
9
15
181
179
9
15
181
179
9
15
180
179
9
15
179
179
9
15
180
179
9
15
180
179
9
15
180
179
9
15
180
178
9
15
180
178
9
15
180
178
9
15
180
178
9
15
179
178
9
15
180
178
9
15
180
178
9
15
180
178
9
15
180
178
9
15
181
178
9
15
181
177
9
15
181
177
9
15
181
177
9
15
181
178
9
15
180
178
9
15
180
177
9
15
180
177
9
15
180
177
9
15
179
177
9
15
179
177
9
15
179
177
9
15
179
177
9
15
179
177
9
15
179
177
9
15
179
177
9
15
178
177
9
15
178
177
9
15
178
176
9
15
178
176
9
15
178
175
9
15
177
175
9
15
177
174
9
15
178
173
9
15
179
173
9
15
179
172
9
15
179
172
9
15
180
172
9
15
180
172
9
15
181
171
9
15
181
171
9
15
181
171
9
15
182
170
9
15
182
170
9
15
182
170
9
15
181
169
9
15
181
168
9
15
181
168
9
15
181
167
9
15
181
167
9
15
181
167
9
15
181
167
9
15
181
167
9
15
