0
320
183
232
9
15
183
232
9
15
183
232
9
15
181
232
9
15
183
232
9
15
182
232
9
15
181
232
9
15
180
232
9
15
180
232
9
15
180
232
9
15
180
232
9
15
181
232
9
15
181
232
9
15
184
230
9
15
184
230
9
15
183
230
9
15
183
230
9
15
183
230
9
15
183
230
9
15
184
229
9
15
184
227
9
15
184
227
9
15
184
227
9
15
184
227
9
15
185
227
9
15
185
227
9
15
185
227
9
15
185
227
9
15
184
227
9
15
184
226
9
15
185
226
9
15
185
226
9
15
185
226
9
15
185
226
9
15
186
226
9
15
186
226
9
15
186
226
9
15
186
226
9
15
185
226
9
15
187
224
9
15
186
220
9
15
186
220
9
15
187
220
9
15
187
220
9
15
187
220
9
15
187
220
9
15
187
220
9
15
188
220
9
15
188
220
9
15
188
220
9
15
188
220
9
15
187
220
9
15
187
220
9
15
187
220
9
15
187
220
9
15
188
219
9
15
188
219
9
15
188
218
9
15
188
218
9
15
187
219
9
15
188
219
9
15
188
219
9
15
188
216
9
15
188
216
9
15
188
216
9
15
188
216
9
15
188
216
9
15
188
216
9
15
188
216
9
15
188
216
9
15
188
216
9
15
188
216
9
15
189
216
9
15
189
216
9
15
189
216
9
15
189
215
9
15
189
215
9
15
189
214
9
15
189
214
9
15
189
214
9
15
189
214
9
15
191
211
9
15
192
211
9
15
192
211
9
15
192
211
9
15
192
211
9
15
191
211
9
15
192
211
9
15
191
211
9
15
191
211
9
15
191
211
9
15
191
211
9
15
191
211
9
15
192
211
9
15
192
211
9
15
192
211
9
15
192
211
9
15
192
211
9
15
192
211
9
15
192
211
9
15
192
211
9
15
192
211
9
15
192
211
9
15
192
211
9
15
192
211
9
15
193
210
9
15
193
210
9
15
194
210
9
15
194
210
9
15
194
209
9
15
194
209
9
15
194
209
9
15
194
209
9
15
194
208
9
15
194
208
9
15
197
208
9
15
197
208
9
15
197
208
9
15
198
208
9
15
198
208
9
15
198
207
9
15
198
207
9
15
198
205
9
15
197
205
9
15
197
205
9
15
197
204
9
15
197
204
9
15
197
204
9
15
196
204
9
15
196
204
9
15
196
204
9
15
196
204
9
15
196
204
9
15
196
205
9
15
196
205
9
15
196
204
9
15
196
204
9
15
196
204
9
15
196
204
9
15
196
204
9
15
196
204
9
15
196
204
9
15
196
204
9
15
195
204
9
15
195
204
9
15
195
204
9
15
195
204
9
15
195
204
9
15
193
205
9
15
193
205
9
15
193
205
9
15
195
204
9
15
195
204
9
15
195
204
9
15
195
204
9
15
195
204
9
15
196
204
9
15
196
204
9
15
196
204
9
15
197
204
9
15
197
204
9
15
197
204
9
15
196
204
9
15
197
202
9
15
197
202
9
15
197
202
9
15
198
202
9
15
198
202
9
15
198
202
9
15
198
202
9
15
199
202
9
15
199
202
9
15
198
202
9
15
197
202
9
15
197
202
9
15
196
202
9
15
196
202
9
15
197
202
9
15
197
202
9
15
197
202
9
15
197
202
9
15
198
202
9
15
198
202
9
15
198
202
9
15
198
202
9
15
198
202
9
15
198
202
9
15
198
201
9
15
198
201
9
15
198
201
9
15
198
201
9
15
197
201
9
15
197
201
9
15
197
201
9
15
197
201
9
15
197
201
9
15
197
201
9
15
197
201
9
15
197
201
9
15
197
201
9
15
197
201
9
15
196
200
9
15
196
200
9
15
195
200
9
15
196
200
9
15
196
200
9
15
196
200
9
15
197
199
9
15
197
199
9
15
198
198
9
15
197
198
9
15
197
198
9
15
196
198
9
15
196
198
9
15
196
198
9
15
195
198
9
15
195
198
9
15
195
198
9
15
195
198
9
15
195
198
9
15
195
198
9
15
195
198
9
15
195
198
9
15
195
198
9
15
195
198
9
15
195
197
9
15
196
196
9
15
197
197
9
15
196
196
9
15
196
196
9
15
196
196
9
15
196
196
9
15
197
196
9
15
197
196
9
15
197
196
9
15
197
196
9
15
197
196
9
15
197
196
9
15
197
196
9
15
197
196
9
15
197
196
9
15
197
196
9
15
197
196
9
15
197
196
9
15
197
196
9
15
198
197
9
15
199
196
9
15
199
196
9
15
199
196
9
15
198
196
9
15
198
196
9
15
197
196
9
15
197
196
9
15
197
196
9
15
198
196
9
15
198
196
9
15
198
196
9
15
198
196
9
15
199
196
9
15
199
196
9
15
199
196
9
15
198
196
9
15
198
196
9
15
198
196
9
15
198
195
9
15
199
195
9
15
199
195
9
15
199
195
9
15
199
195
9
15
199
195
9
15
199
195
9
15
200
194
9
15
199
194
9
15
199
194
9
15
199
194
9
15
199
194
9
15
199
194
9
15
199
194
9
15
198
194
9
15
199
194
9
15
199
194
9
15
199
194
9
15
199
194
9
15
199
193
9
15
199
193
9
15
199
193
9
15
199
185
9
15
199
185
9
15
199
185
9
15
199
185
9
15
198
185
9
15
198
185
9
15
198
185
9
15
198
185
9
15
198
185
9
15
198
185
9
15
199
184
9
15
199
184
9
15
199
184
9
15
199
184
9
15
199
184
9
15
199
184
9
15
200
184
9
15
200
184
9
15
200
184
9
15
200
183
9
15
200
183
9
15
200
183
9
15
199
183
9
15
199
183
9
15
199
183
9
15
199
183
9
15
199
183
9
15
199
182
9
15
199
182
9
15
199
182
9
15
199
182
9
15
199
181
9
15
199
182
9
15
199
182
9
15
