0
116
504
179
14
23
491
179
14
23
479
180
14
23
468
177
14
23
457
174
14
23
444
172
14
23
444
172
14
23
428
172
14
23
429
173
14
23
416
171
14
23
413
171
14
23
411
171
14
23
409
171
14
23
409
171
14
23
408
171
14
23
407
171
14
23
405
171
14
23
402
171
14
23
399
171
14
23
396
171
14
23
394
172
14
23
391
172
14
23
388
172
14
23
385
172
14
23
382
172
14
23
380
172
14
23
379
173
14
23
379
174
14
23
381
175
14
23
383
177
14
23
386
177
14
23
386
179
14
23
395
188
14
23
398
186
14
23
401
186
14
23
409
183
14
23
412
183
14
23
415
183
14
23
418
183
14
23
421
183
14
23
423
183
14
23
425
182
14
23
427
181
14
23
429
181
14
23
431
182
14
23
434
182
14
23
437
182
14
23
449
180
14
23
452
180
14
23
455
180
14
23
458
180
14
23
460
179
14
23
461
179
14
23
461
179
14
23
460
179
14
23
458
177
14
23
455
177
14
23
452
177
14
23
450
178
14
23
439
173
14
23
438
174
14
23
435
174
14
23
432
174
14
23
429
174
14
23
427
176
14
23
425
178
14
23
424
180
14
23
423
182
14
23
423
184
14
23
423
186
14
23
424
188
14
23
425
189
14
23
426
189
14
23
427
189
14
23
429
189
14
23
431
189
14
23
433
189
14
23
435
189
14
23
437
188
14
23
439
188
14
23
440
188
14
23
443
188
14
23
444
186
14
23
447
186
14
23
447
185
14
23
449
185
14
23
450
184
14
23
449
184
14
23
449
182
14
23
449
182
14
23
455
183
14
23
458
183
14
23
461
187
14
23
469
187
14
23
469
186
14
23
475
191
14
23
475
191
14
23
487
188
14
23
488
191
14
23
492
190
14
23
500
193
14
23
504
198
14
23
507
198
14
23
509
200
14
23
511
202
14
23
515
205
14
23
517
207
14
23
526
208
14
23
528
210
14
23
532
215
14
23
537
214
14
23
540
214
14
23
543
214
14
23
546
214
14
23
554
219
14
23
557
218
14
23
