0
324
466
131
14
23
453
129
14
23
442
130
14
23
435
127
14
23
421
126
14
23
410
128
14
23
400
121
14
23
391
123
14
23
385
122
14
23
387
124
14
23
376
123
14
23
374
123
14
23
372
123
14
23
372
123
14
23
371
123
14
23
370
123
14
23
367
123
14
23
364
123
14
23
361
123
14
23
358
123
14
23
355
123
14
23
352
123
14
23
349
123
14
23
346
123
14
23
343
123
14
23
340
123
14
23
339
125
14
23
340
127
14
23
342
129
14
23
345
129
14
23
349
137
14
23
355
138
14
23
358
137
14
23
365
137
14
23
362
137
14
23
372
137
14
23
375
137
14
23
378
137
14
23
381
137
14
23
384
137
14
23
387
137
14
23
389
136
14
23
391
136
14
23
393
136
14
23
401
132
14
23
404
132
14
23
407
132
14
23
410
132
14
23
413
132
14
23
416
132
14
23
419
132
14
23
421
131
14
23
422
131
14
23
422
131
14
23
421
131
14
23
419
130
14
23
416
130
14
23
410
133
14
23
407
132
14
23
401
126
14
23
397
128
14
23
394
128
14
23
391
128
14
23
388
128
14
23
386
130
14
23
384
132
14
23
382
134
14
23
381
136
14
23
380
138
14
23
380
140
14
23
380
141
14
23
381
142
14
23
381
142
14
23
382
142
14
23
384
142
14
23
386
142
14
23
388
142
14
23
390
142
14
23
392
142
14
23
394
142
14
23
396
142
14
23
398
141
14
23
401
141
14
23
404
141
14
23
411
138
14
23
414
138
14
23
415
138
14
23
414
136
14
23
414
136
14
23
414
136
14
23
416
136
14
23
419
136
14
23
423
143
14
23
426
143
14
23
431
145
14
23
437
146
14
23
440
146
14
23
448
144
14
23
453
146
14
23
453
146
14
23
459
148
14
23
467
150
14
23
468
159
14
23
477
157
14
23
477
161
14
23
485
164
14
23
483
163
14
23
488
169
14
23
496
171
14
23
500
179
14
23
503
179
14
23
506
179
14
23
509
179
14
23
512
179
14
23
515
179
14
23
518
179
14
23
531
185
14
23
532
188
14
23
535
188
14
23
538
188
14
23
541
188
14
23
544
188
14
23
547
188
14
23
555
178
14
23
556
177
14
23
555
177
14
23
554
176
14
23
551
176
14
23
543
183
14
23
545
185
14
23
528
178
14
23
519
181
14
23
510
173
14
23
497
179
14
23
497
180
14
23
484
176
14
23
486
176
14
23
469
172
14
23
468
175
14
23
465
175
14
23
465
175
14
23
466
175
14
23
468
175
14
23
470
175
14
23
472
176
14
23
473
176
14
23
474
176
14
23
475
177
14
23
476
178
14
23
476
179
14
23
476
179
14
23
476
179
14
23
475
179
14
23
474
180
14
23
473
180
14
23
472
180
14
23
471
180
14
23
469
181
14
23
467
181
14
23
465
181
14
23
462
181
14
23
460
181
14
23
458
181
14
23
456
181
14
23
453
181
14
23
450
181
14
23
448
181
14
23
447
181
14
23
446
181
14
23
444
181
14
23
443
181
14
23
442
181
14
23
442
181
14
23
442
181
14
23
442
181
14
23
441
181
14
23
439
181
14
23
437
179
14
23
434
179
14
23
433
174
14
23
431
173
14
23
428
173
14
23
425
173
14
23
422
173
14
23
419
173
14
23
416
173
14
23
414
173
14
23
412
171
14
23
410
170
14
23
408
168
14
23
407
166
14
23
406
165
14
23
407
163
14
23
407
163
14
23
408
161
14
23
408
161
14
23
408
161
14
23
408
161
14
23
408
160
14
23
406
160
14
23
404
160
14
23
402
160
14
23
401
159
14
23
399
159
14
23
398
159
14
23
397
157
14
23
396
157
14
23
396
155
14
23
396
155
14
23
397
153
14
23
397
153
14
23
398
151
14
23
399
149
14
23
401
147
14
23
402
146
14
23
404
144
14
23
406
142
14
23
408
140
14
23
410
138
14
23
416
128
14
23
418
126
14
23
418
124
14
23
417
122
14
23
415
120
14
23
413
118
14
23
411
116
14
23
409
114
14
23
407
112
14
23
405
110
14
23
402
110
14
23
399
110
14
23
397
110
14
23
393
100
14
23
393
100
14
23
394
101
14
23
395
102
14
23
396
102
14
23
397
102
14
23
397
104
14
23
397
104
14
23
398
106
14
23
400
116
14
23
401
117
14
23
402
118
14
23
403
118
14
23
404
118
14
23
404
118
14
23
403
118
14
23
402
118
14
23
401
119
14
23
399
119
14
23
397
121
14
23
395
121
14
23
393
123
14
23
391
125
14
23
389
127
14
23
387
129
14
23
385
130
14
23
382
130
14
23
380
132
14
23
378
134
14
23
378
136
14
23
380
137
14
23
383
137
14
23
386
140
14
23
389
140
14
23
392
140
14
23
402
136
14
23
405
136
14
23
408
136
14
23
411
136
14
23
414
136
14
23
416
137
14
23
417
137
14
23
417
138
14
23
416
138
14
23
414
147
14
23
413
147
14
23
413
147
14
23
413
147
14
23
413
147
14
23
413
147
14
23
412
147
14
23
410
147
14
23
409
146
14
23
409
146
14
23
410
144
14
23
411
142
14
23
413
140
14
23
415
138
14
23
417
136
14
23
420
136
14
23
430
125
14
23
436
127
14
23
441
122
14
23
444
117
14
23
446
118
14
23
450
115
14
23
452
113
14
23
456
105
14
23
462
107
14
23
464
98
14
23
466
96
14
23
468
94
14
23
468
91
14
23
468
88
14
23
466
86
14
23
462
76
14
23
449
77
14
23
442
72
14
23
426
69
14
23
415
69
14
23
397
66
14
23
379
65
14
23
368
66
14
23
351
70
14
23
339
68
14
23
331
70
14
23
325
75
14
23
318
74
14
23
311
80
14
23
306
84
14
23
300
83
14
23
289
86
14
23
