0
324
449
118
14
23
436
116
14
23
421
116
14
23
408
115
14
23
402
113
14
23
390
116
14
23
379
111
14
23
371
107
14
23
370
106
14
23
364
105
14
23
361
105
14
23
359
105
14
23
357
105
14
23
356
105
14
23
355
105
14
23
354
105
14
23
352
105
14
23
346
107
14
23
343
107
14
23
340
107
14
23
337
107
14
23
334
107
14
23
331
107
14
23
328
107
14
23
325
107
14
23
323
107
14
23
322
108
14
23
322
110
14
23
324
112
14
23
326
114
14
23
330
120
14
23
337
118
14
23
342
118
14
23
343
121
14
23
351
122
14
23
354
122
14
23
357
122
14
23
360
122
14
23
363
122
14
23
366
122
14
23
369
122
14
23
371
122
14
23
373
121
14
23
375
121
14
23
378
121
14
23
381
121
14
23
384
121
14
23
390
118
14
23
393
118
14
23
396
118
14
23
399
118
14
23
401
118
14
23
402
118
14
23
402
118
14
23
400
118
14
23
398
117
14
23
395
117
14
23
393
115
14
23
392
113
14
23
387
111
14
23
382
112
14
23
379
112
14
23
376
112
14
23
373
112
14
23
371
114
14
23
369
116
14
23
368
118
14
23
368
121
14
23
367
123
14
23
367
125
14
23
367
127
14
23
368
128
14
23
369
129
14
23
370
129
14
23
372
129
14
23
374
129
14
23
376
129
14
23
378
129
14
23
380
129
14
23
381
129
14
23
383
128
14
23
379
128
14
23
382
128
14
23
385
128
14
23
388
128
14
23
398
123
14
23
399
122
14
23
398
122
14
23
397
122
14
23
396
123
14
23
398
123
14
23
401
123
14
23
411
125
14
23
410
127
14
23
416
127
14
23
422
130
14
23
421
131
14
23
431
130
14
23
431
131
14
23
438
129
14
23
445
133
14
23
449
136
14
23
453
137
14
23
460
140
14
23
460
142
14
23
465
147
14
23
473
150
14
23
474
158
14
23
479
157
14
23
485
158
14
23
488
164
14
23
487
164
14
23
494
165
14
23
497
165
14
23
502
165
14
23
507
171
14
23
510
171
14
23
516
168
14
23
522
172
14
23
525
172
14
23
528
172
14
23
531
172
14
23
534
172
14
23
536
172
14
23
537
172
14
23
537
172
14
23
536
172
14
23
533
172
14
23
529
168
14
23
528
166
14
23
515
167
14
23
501
162
14
23
502
164
14
23
489
166
14
23
482
160
14
23
472
164
14
23
465
162
14
23
463
161
14
23
452
159
14
23
449
159
14
23
448
159
14
23
449
159
14
23
451
159
14
23
453
159
14
23
455
160
14
23
456
160
14
23
457
160
14
23
458
161
14
23
459
162
14
23
459
163
14
23
459
163
14
23
459
163
14
23
458
163
14
23
457
163
14
23
455
164
14
23
454
165
14
23
452
165
14
23
450
166
14
23
448
166
14
23
446
166
14
23
443
166
14
23
441
166
14
23
439
166
14
23
437
166
14
23
435
166
14
23
432
166
14
23
430
166
14
23
429
166
14
23
428
166
14
23
427
166
14
23
426
166
14
23
433
162
14
23
433
162
14
23
433
162
14
23
433
162
14
23
433
162
14
23
432
162
14
23
430
161
14
23
427
161
14
23
424
161
14
23
422
160
14
23
419
160
14
23
417
158
14
23
414
158
14
23
412
156
14
23
409
156
14
23
407
155
14
23
405
153
14
23
404
151
14
23
403
149
14
23
402
147
14
23
402
145
14
23
396
149
14
23
396
147
14
23
397
145
14
23
397
144
14
23
397
144
14
23
397
142
14
23
397
141
14
23
395
141
14
23
393
141
14
23
391
141
14
23
389
141
14
23
387
141
14
23
385
141
14
23
384
139
14
23
383
139
14
23
383
138
14
23
383
137
14
23
384
135
14
23
384
134
14
23
384
132
14
23
385
130
14
23
392
126
14
23
393
124
14
23
394
122
14
23
396
120
14
23
398
118
14
23
400
116
14
23
404
110
14
23
406
108
14
23
406
106
14
23
405
104
14
23
403
102
14
23
401
100
14
23
399
98
14
23
397
96
14
23
395
94
14
23
393
92
14
23
390
92
14
23
387
92
14
23
384
92
14
23
383
92
14
23
383
92
14
23
384
92
14
23
384
94
14
23
385
94
14
23
386
94
14
23
386
95
14
23
386
95
14
23
386
97
14
23
387
99
14
23
387
100
14
23
388
101
14
23
389
101
14
23
390
101
14
23
385
104
14
23
384
104
14
23
383
105
14
23
382
106
14
23
380
108
14
23
378
110
14
23
376
110
14
23
374
112
14
23
372
114
14
23
370
116
14
23
368
117
14
23
366
119
14
23
363
119
14
23
361
121
14
23
359
123
14
23
359
124
14
23
361
125
14
23
364
125
14
23
372
121
14
23
375
121
14
23
378
121
14
23
381
121
14
23
384
121
14
23
387
121
14
23
395
122
14
23
398
122
14
23
400
124
14
23
401
124
14
23
401
125
14
23
400
125
14
23
401
129
14
23
400
129
14
23
400
129
14
23
400
129
14
23
400
129
14
23
400
129
14
23
400
129
14
23
398
129
14
23
397
129
14
23
397
129
14
23
398
127
14
23
400
126
14
23
402
124
14
23
405
124
14
23
408
124
14
23
412
116
14
23
416
115
14
23
418
115
14
23
427
112
14
23
429
103
14
23
431
103
14
23
436
100
14
23
442
98
14
23
443
94
14
23
448
88
14
23
452
86
14
23
455
87
14
23
457
85
14
23
457
82
14
23
457
79
14
23
457
76
14
23
448
65
14
23
441
63
14
23
425
54
14
23
412
55
14
23
401
52
14
23
380
51
14
23
368
53
14
23
354
52
14
23
329
47
14
23
328
56
14
23
325
56
14
23
311
56
14
23
307
63
14
23
306
65
14
23
295
58
14
23
289
73
14
23
284
68
14
23
