90
150
13
73
14
23
16
73
14
23
21
76
14
23
25
80
14
23
33
79
14
23
32
80
14
23
40
78
14
23
45
80
14
23
50
85
14
23
49
85
14
23
59
85
14
23
65
91
14
23
69
91
14
23
70
91
14
23
77
96
14
23
82
100
14
23
84
100
14
23
90
104
14
23
95
109
14
23
95
109
14
23
101
111
14
23
109
114
14
23
106
114
14
23
115
108
14
23
119
122
14
23
119
119
14
23
128
112
14
23
127
110
14
23
135
119
14
23
134
118
14
23
146
115
14
23
149
115
14
23
152
115
14
23
154
115
14
23
155
114
14
23
155
114
14
23
154
114
14
23
151
114
14
23
142
114
14
23
141
114
14
23
132
106
14
23
123
113
14
23
112
111
14
23
109
111
14
23
99
107
14
23
89
107
14
23
86
107
14
23
71
110
14
23
68
104
14
23
65
104
14
23
65
103
14
23
66
103
14
23
68
102
14
23
70
102
14
23
71
101
14
23
72
101
14
23
73
101
14
23
74
101
14
23
75
101
14
23
76
101
14
23
76
101
14
23
76
101
14
23
75
101
14
23
74
101
14
23
73
101
14
23
72
101
14
23
70
101
14
23
68
101
14
23
66
101
14
23
64
101
14
23
62
101
14
23
60
101
14
23
58
101
14
23
56
99
14
23
54
99
14
23
52
99
14
23
50
99
14
23
49
99
14
23
49
99
14
23
48
99
14
23
48
99
14
23
47
99
14
23
47
99
14
23
48
99
14
23
48
98
14
23
48
97
14
23
47
97
14
23
45
95
14
23
43
95
14
23
38
98
14
23
36
96
14
23
34
96
14
23
32
94
14
23
30
90
14
23
28
88
14
23
26
86
14
23
24
84
14
23
22
82
14
23
21
80
14
23
19
78
14
23
18
76
14
23
18
74
14
23
19
72
14
23
19
70
14
23
20
68
14
23
21
68
14
23
21
66
14
23
21
64
14
23
21
62
14
23
19
62
14
23
17
62
14
23
16
60
14
23
15
60
14
23
14
59
14
23
12
59
14
23
11
59
14
23
11
58
14
23
11
57
14
23
11
55
14
23
12
53
14
23
12
53
14
23
13
51
14
23
14
49
14
23
16
47
14
23
17
45
14
23
19
43
14
23
21
41
14
23
23
39
14
23
25
37
14
23
39
24
14
23
41
22
14
23
41
22
14
23
40
20
14
23
38
18
14
23
36
16
14
23
34
14
14
23
36
9
14
23
34
7
14
23
31
7
14
23
29
5
14
23
26
5
14
23
24
3
14
23
23
3
14
23
23
3
14
23
24
3
14
23
25
4
14
23
26
4
14
23
27
4
14
23
27
5
14
23
27
6
14
23
