130
38
557
212
14
23
545
210
14
23
540
208
14
23
530
207
14
23
517
208
14
23
514
208
14
23
504
204
14
23
496
203
14
23
489
206
14
23
486
206
14
23
486
205
14
23
487
205
14
23
488
204
14
23
489
204
14
23
490
203
14
23
491
203
14
23
491
203
14
23
491
203
14
23
492
204
14
23
492
204
14
23
492
204
14
23
491
204
14
23
491
204
14
23
493
202
14
23
492
202
14
23
491
203
14
23
489
203
14
23
487
203
14
23
485
203
14
23
483
203
14
23
481
203
14
23
479
203
14
23
477
203
14
23
475
203
14
23
473
203
14
23
470
203
14
23
468
203
14
23
467
203
14
23
