258
66
388
103
14
23
386
105
14
23
384
107
14
23
384
108
14
23
386
109
14
23
389
109
14
23
392
109
14
23
395
109
14
23
398
109
14
23
401
109
14
23
404
109
14
23
407
109
14
23
410
109
14
23
413
109
14
23
422
103
14
23
423
103
14
23
423
104
14
23
423
104
14
23
423
104
14
23
422
104
14
23
422
104
14
23
422
104
14
23
422
104
14
23
418
110
14
23
417
110
14
23
415
110
14
23
414
108
14
23
414
108
14
23
415
106
14
23
416
106
14
23
418
104
14
23
420
102
14
23
429
94
14
23
431
92
14
23
434
90
14
23
436
88
14
23
438
86
14
23
438
83
14
23
450
73
14
23
456
74
14
23
458
73
14
23
460
71
14
23
460
68
14
23
469
58
14
23
470
57
14
23
474
49
14
23
474
49
14
23
474
46
14
23
471
38
14
23
458
39
14
23
451
31
14
23
440
21
14
23
430
23
14
23
414
28
14
23
398
22
14
23
381
20
14
23
365
23
14
23
355
22
14
23
352
22
14
23
330
24
14
23
330
32
14
23
320
39
14
23
311
34
14
23
301
38
14
23
301
38
14
23
281
41
14
23
