0
542
257
76
14
19
262
73
14
19
263
72
14
19
265
70
14
19
266
68
14
19
266
66
14
19
267
64
14
19
267
64
14
19
268
64
14
19
269
66
14
19
272
66
14
19
277
64
14
19
280
64
14
19
283
64
14
19
286
64
14
19
288
64
14
19
288
63
14
19
289
62
14
19
289
62
14
19
288
62
14
19
288
62
14
19
289
62
14
19
289
61
14
19
289
61
14
19
290
60
14
19
292
61
14
19
293
61
14
19
294
61
14
19
295
61
14
19
295
60
14
19
295
60
14
19
295
60
14
19
295
60
14
19
295
60
14
19
295
60
14
19
296
61
14
19
296
61
14
19
297
61
14
19
298
61
14
19
299
61
14
19
302
62
14
19
302
61
14
19
303
62
14
19
303
62
14
19
304
63
14
19
305
64
14
19
306
64
14
19
306
64
14
19
307
64
14
19
308
63
14
19
309
63
14
19
310
62
14
19
309
62
14
19
309
62
14
19
310
62
14
19
310
63
14
19
310
62
14
19
311
62
14
19
311
62
14
19
312
62
14
19
313
62
14
19
315
62
14
19
316
62
14
19
316
62
14
19
317
62
14
19
317
62
14
19
318
62
14
19
319
62
14
19
319
62
14
19
320
62
14
19
321
64
14
19
322
64
14
19
323
64
14
19
324
63
14
19
325
63
14
19
325
62
14
19
325
62
14
19
324
63
14
19
324
63
14
19
325
63
14
19
326
63
14
19
330
59
14
19
331
59
14
19
332
58
14
19
333
58
14
19
334
57
14
19
334
59
14
19
335
59
14
19
336
59
14
19
336
59
14
19
337
58
14
19
338
58
14
19
339
58
14
19
339
58
14
19
339
57
14
19
339
57
14
19
339
57
14
19
339
57
14
19
339
57
14
19
339
57
14
19
339
57
14
19
340
57
14
19
340
57
14
19
340
57
14
19
340
57
14
19
340
57
14
19
340
57
14
19
342
57
14
19
342
57
14
19
344
57
14
19
345
57
14
19
347
57
14
19
351
59
14
19
352
59
14
19
353
58
14
19
354
58
14
19
354
58
14
19
355
58
14
19
355
59
14
19
355
60
14
19
356
60
14
19
356
59
14
19
357
59
14
19
357
59
14
19
356
61
14
19
356
61
14
19
358
56
14
19
358
57
14
19
359
57
14
19
360
57
14
19
360
58
14
19
362
57
14
19
363
56
14
19
365
55
14
19
367
55
14
19
368
55
14
19
368
55
14
19
369
54
14
19
370
54
14
19
370
55
14
19
371
55
14
19
372
55
14
19
373
55
14
19
373
55
14
19
373
55
14
19
374
57
14
19
373
57
14
19
373
56
14
19
374
56
14
19
375
56
14
19
376
56
14
19
377
56
14
19
378
56
14
19
379
56
14
19
379
56
14
19
380
56
14
19
381
56
14
19
382
56
14
19
383
56
14
19
383
55
14
19
385
56
14
19
386
56
14
19
387
56
14
19
388
55
14
19
389
56
14
19
388
55
14
19
389
55
14
19
390
55
14
19
390
55
14
19
390
55
14
19
393
55
14
19
394
55
14
19
394
55
14
19
394
55
14
19
395
55
14
19
395
56
14
19
396
56
14
19
397
56
14
19
398
56
14
19
399
56
14
19
400
56
14
19
401
55
14
19
402
55
14
19
402
55
14
19
403
55
14
19
403
55
14
19
403
55
14
19
403
54
14
19
404
53
14
19
405
53
14
19
406
53
14
19
407
53
14
19
408
53
14
19
408
53
14
19
408
53
14
19
408
54
14
19
409
53
14
19
409
53
14
19
411
52
14
19
411
53
14
19
411
53
14
19
412
53
14
19
414
53
14
19
415
54
14
19
416
53
14
19
418
54
14
19
419
54
14
19
419
54
14
19
419
54
14
19
420
54
14
19
420
54
14
19
423
52
14
19
423
52
14
19
425
51
14
19
425
50
14
19
425
50
14
19
425
50
14
19
426
50
14
19
426
50
14
19
426
50
14
19
427
50
14
19
428
50
14
19
429
50
14
19
429
50
14
19
430
50
14
19
431
50
14
19
431
50
14
19
432
50
14
19
434
50
14
19
435
50
14
19
436
51
14
19
437
51
14
19
437
51
14
19
437
50
14
19
438
49
14
19
439
49
14
19
440
49
14
19
440
49
14
19
441
49
14
19
442
48
14
19
443
48
14
19
443
48
14
19
444
48
14
19
444
48
14
19
444
47
14
19
444
47
14
19
445
47
14
19
445
47
14
19
446
46
14
19
447
46
14
19
449
45
14
19
450
45
14
19
453
47
14
19
453
47
14
19
454
47
14
19
454
47
14
19
455
47
14
19
456
47
14
19
456
47
14
19
457
47
14
19
458
47
14
19
458
47
14
19
459
46
14
19
459
45
14
19
460
44
14
19
460
44
14
19
461
44
14
19
462
45
14
19
463
45
14
19
465
46
14
19
465
46
14
19
466
46
14
19
467
45
14
19
468
45
14
19
469
46
14
19
470
45
14
19
471
47
14
19
472
48
14
19
473
48
14
19
474
48
14
19
474
48
14
19
474
48
14
19
474
47
14
19
474
47
14
19
475
46
14
19
475
46
14
19
475
46
14
19
476
46
14
19
477
46
14
19
479
46
14
19
479
46
14
19
480
46
14
19
480
46
14
19
483
45
14
19
484
45
14
19
485
45
14
19
486
45
14
19
487
45
14
19
488
45
14
19
489
44
14
19
490
44
14
19
491
44
14
19
492
44
14
19
493
45
14
19
493
46
14
19
493
46
14
19
493
46
14
19
493
46
14
19
494
46
14
19
495
46
14
19
497
46
14
19
498
46
14
19
499
46
14
19
500
46
14
19
501
46
14
19
502
46
14
19
502
46
14
19
502
46
14
19
503
45
14
19
505
45
14
19
506
45
14
19
507
45
14
19
508
44
14
19
509
44
14
19
511
44
14
19
512
44
14
19
513
46
14
19
514
46
14
19
514
46
14
19
514
47
14
19
515
47
14
19
515
47
14
19
515
47
14
19
515
47
14
19
516
45
14
19
516
45
14
19
517
44
14
19
517
44
14
19
519
43
14
19
520
43
14
19
521
42
14
19
522
42
14
19
523
42
14
19
525
42
14
19
526
42
14
19
527
42
14
19
528
42
14
19
529
42
14
19
530
42
14
19
531
42
14
19
532
43
14
19
532
43
14
19
532
43
14
19
533
43
14
19
534
43
14
19
535
43
14
19
536
42
14
19
536
42
14
19
536
42
14
19
537
42
14
19
537
42
14
19
537
42
14
19
538
42
14
19
540
42
14
19
541
43
14
19
543
42
14
19
544
42
14
19
546
42
14
19
547
42
14
19
548
41
14
19
549
41
14
19
550
41
14
19
549
41
14
19
549
41
14
19
549
41
14
19
550
45
14
19
551
45
14
19
552
45
14
19
553
45
14
19
553
43
14
19
554
44
14
19
555
44
14
19
556
44
14
19
556
44
14
19
556
44
14
19
556
44
14
19
557
44
14
19
558
43
14
19
559
43
14
19
560
42
14
19
561
42
14
19
563
41
14
19
564
41
14
19
566
40
14
19
567
40
14
19
568
40
14
19
569
40
14
19
569
39
14
19
569
39
14
19
568
39
14
19
570
42
14
19
571
41
14
19
572
42
14
19
575
41
14
19
575
41
14
19
576
41
14
19
576
41
14
19
576
41
14
19
577
41
14
19
578
41
14
19
578
42
14
19
579
41
14
19
579
41
14
19
580
41
14
19
581
42
14
19
582
42
14
19
584
42
14
19
584
42
14
19
585
42
14
19
586
44
14
19
587
44
14
19
588
44
14
19
589
43
14
19
589
42
14
19
590
41
14
19
594
40
14
19
595
40
14
19
596
40
14
19
596
39
14
19
596
39
14
19
597
39
14
19
598
39
14
19
599
39
14
19
599
39
14
19
601
38
14
19
602
40
14
19
604
40
14
19
605
40
14
19
607
40
14
19
607
40
14
19
608
40
14
19
609
40
14
19
610
40
14
19
610
40
14
19
611
39
14
19
612
39
14
19
613
38
14
19
614
38
14
19
615
40
14
19
616
40
14
19
617
40
14
19
617
40
14
19
617
40
14
19
617
39
14
19
617
39
14
19
617
39
14
19
617
40
14
19
618
40
14
19
620
40
14
19
621
40
14
19
623
40
14
19
625
40
14
19
627
40
14
19
628
39
14
19
629
39
14
19
629
38
14
19
631
39
14
19
632
39
14
19
633
39
14
19
634
40
14
19
634
39
14
19
635
38
14
19
635
38
14
19
636
38
14
19
637
38
14
19
638
38
14
19
638
38
14
19
639
37
14
19
640
37
14
19
641
38
14
19
641
39
14
19
642
39
14
19
643
39
14
19
643
39
14
19
644
39
14
19
645
39
14
19
646
38
14
19
648
38
14
19
649
38
14
19
650
38
14
19
650
38
14
19
650
40
14
19
651
40
14
19
652
38
14
19
653
36
14
19
655
36
14
19
656
36
14
19
657
36
14
19
657
36
14
19
657
36
14
19
658
36
14
19
660
39
14
19
661
39
14
19
662
40
14
19
662
41
14
19
663
41
14
19
663
42
14
19
664
42
14
19
665
42
14
19
667
41
14
19
669
41
14
19
670
41
14
19
671
41
14
19
672
40
14
19
673
40
14
19
674
41
14
19
674
41
14
19
674
40
14
19
675
40
14
19
675
41
14
19
676
42
14
19
677
43
14
19
677
43
14
19
677
42
14
19
677
41
14
19
678
41
14
19
679
41
14
19
680
41
14
19
682
41
14
19
683
43
14
19
684
43
14
19
686
43
14
19
688
44
14
19
688
45
14
19
688
44
14
19
688
44
14
19
688
44
14
19
688
44
14
19
688
44
14
19
688
44
14
19
688
44
14
19
688
44
14
19
