0
940
171
337
14
19
171
334
14
19
173
332
14
19
174
330
14
19
174
328
14
19
174
326
14
19
175
326
14
19
175
325
14
19
175
326
14
19
176
327
14
19
177
329
14
19
178
328
14
19
182
329
14
19
184
329
14
19
186
329
14
19
187
328
14
19
188
327
14
19
187
329
14
19
186
327
14
19
183
329
14
19
182
329
14
19
182
329
14
19
181
328
14
19
181
328
14
19
182
327
14
19
183
327
14
19
184
329
14
19
186
329
14
19
186
329
14
19
185
329
14
19
184
328
14
19
184
328
14
19
182
328
14
19
182
327
14
19
181
328
14
19
181
329
14
19
179
331
14
19
178
332
14
19
178
332
14
19
179
332
14
19
179
331
14
19
179
330
14
19
179
331
14
19
179
331
14
19
179
331
14
19
179
332
14
19
179
332
14
19
179
332
14
19
179
331
14
19
179
331
14
19
178
331
14
19
177
330
14
19
175
330
14
19
174
330
14
19
174
330
14
19
173
330
14
19
172
330
14
19
171
330
14
19
170
330
14
19
171
330
14
19
171
330
14
19
172
330
14
19
173
330
14
19
172
330
14
19
172
330
14
19
171
330
14
19
171
330
14
19
175
329
14
19
174
329
14
19
174
329
14
19
176
332
14
19
177
331
14
19
176
330
14
19
176
329
14
19
176
329
14
19
176
329
14
19
175
327
14
19
171
329
14
19
171
330
14
19
171
330
14
19
171
330
14
19
173
327
14
19
173
327
14
19
173
327
14
19
173
327
14
19
173
327
14
19
172
329
14
19
172
329
14
19
172
329
14
19
172
329
14
19
172
328
14
19
173
327
14
19
173
327
14
19
172
327
14
19
171
326
14
19
170
329
14
19
170
327
14
19
171
328
14
19
171
328
14
19
170
329
14
19
170
329
14
19
170
328
14
19
170
328
14
19
169
329
14
19
167
331
14
19
167
331
14
19
167
331
14
19
168
330
14
19
168
331
14
19
169
330
14
19
170
330
14
19
170
329
14
19
169
330
14
19
168
331
14
19
168
330
14
19
171
329
14
19
170
327
14
19
169
329
14
19
168
328
14
19
169
333
14
19
169
334
14
19
169
332
14
19
169
332
14
19
168
332
14
19
167
332
14
19
167
331
14
19
166
331
14
19
165
332
14
19
165
332
14
19
164
332
14
19
164
333
14
19
164
333
14
19
165
332
14
19
165
332
14
19
166
332
14
19
166
333
14
19
166
333
14
19
166
333
14
19
166
333
14
19
165
333
14
19
165
333
14
19
165
333
14
19
165
333
14
19
164
333
14
19
163
333
14
19
161
333
14
19
160
333
14
19
158
333
14
19
158
333
14
19
158
333
14
19
158
333
14
19
158
333
14
19
158
333
14
19
158
333
14
19
158
333
14
19
158
333
14
19
158
333
14
19
158
333
14
19
158
333
14
19
158
333
14
19
161
331
14
19
161
331
14
19
162
331
14
19
162
330
14
19
162
330
14
19
157
329
14
19
157
329
14
19
159
328
14
19
158
326
14
19
157
327
14
19
157
326
14
19
158
327
14
19
158
328
14
19
158
327
14
19
158
327
14
19
155
327
14
19
154
327
14
19
154
328
14
19
154
328
14
19
154
328
14
19
154
328
14
19
156
328
14
19
156
329
14
19
154
325
14
19
154
325
14
19
155
326
14
19
154
326
14
19
155
325
14
19
155
323
14
19
155
323
14
19
155
323
14
19
155
321
14
19
155
321
14
19
155
322
14
19
155
320
14
19
154
320
14
19
154
318
14
19
154
317
14
19
154
318
14
19
153
319
14
19
152
319
14
19
152
320
14
19
152
320
14
19
152
321
14
19
152
321
14
19
152
322
14
19
152
329
14
19
152
329
14
19
150
328
14
19
152
327
14
19
150
328
14
19
150
328
14
19
149
328
14
19
150
328
14
19
151
329
14
19
151
329
14
19
151
329
14
19
150
331
14
19
150
331
14
19
150
331
14
19
150
331
14
19
146
327
14
19
146
328
14
19
146
328
14
19
146
328
14
19
146
328
14
19
146
328
14
19
146
328
14
19
147
328
14
19
147
328
14
19
148
328
14
19
148
329
14
19
148
328
14
19
147
327
14
19
146
327
14
19
146
327
14
19
146
327
14
19
145
328
14
19
146
328
14
19
145
328
14
19
145
327
14
19
144
327
14
19
144
327
14
19
144
327
14
19
143
327
14
19
143
327
14
19
143
327
14
19
143
327
14
19
144
325
14
19
145
325
14
19
145
324
14
19
145
324
14
19
145
324
14
19
145
324
14
19
145
324
14
19
145
324
14
19
145
324
14
19
141
330
14
19
140
331
14
19
140
331
14
19
140
331
14
19
139
331
14
19
139
331
14
19
138
327
14
19
139
327
14
19
139
328
14
19
139
326
14
19
137
325
14
19
138
327
14
19
139
327
14
19
139
327
14
19
138
326
14
19
137
328
14
19
138
325
14
19
137
325
14
19
137
325
14
19
137
325
14
19
137
329
14
19
137
329
14
19
137
329
14
19
136
329
14
19
136
327
14
19
136
327
14
19
135
326
14
19
134
326
14
19
134
326
14
19
133
325
14
19
133
325
14
19
133
325
14
19
133
326
14
19
132
326
14
19
132
327
14
19
132
327
14
19
132
327
14
19
132
326
14
19
133
326
14
19
131
326
14
19
132
325
14
19
133
327
14
19
134
326
14
19
133
325
14
19
133
326
14
19
133
328
14
19
133
327
14
19
132
328
14
19
131
328
14
19
131
327
14
19
128
327
14
19
129
326
14
19
129
326
14
19
129
326
14
19
131
325
14
19
129
324
14
19
128
327
14
19
128
327
14
19
128
327
14
19
130
327
14
19
130
327
14
19
130
326
14
19
130
326
14
19
130
326
14
19
130
327
14
19
130
327
14
19
127
327
14
19
128
327
14
19
128
327
14
19
128
329
14
19
128
327
14
19
128
327
14
19
128
328
14
19
127
328
14
19
127
328
14
19
125
329
14
19
124
329
14
19
122
329
14
19
121
328
14
19
121
328
14
19
121
328
14
19
121
328
14
19
121
328
14
19
121
328
14
19
121
328
14
19
121
328
14
19
122
328
14
19
121
328
14
19
122
327
14
19
122
327
14
19
122
327
14
19
122
327
14
19
121
326
14
19
121
329
14
19
121
329
14
19
122
329
14
19
122
329
14
19
122
329
14
19
121
327
14
19
120
327
14
19
122
326
14
19
119
326
14
19
119
327
14
19
118
325
14
19
120
324
14
19
118
325
14
19
120
323
14
19
119
329
14
19
120
327
14
19
122
325
14
19
120
324
14
19
121
326
14
19
119
323
14
19
119
323
14
19
120
324
14
19
119
324
14
19
118
324
14
19
118
324
14
19
118
323
14
19
118
321
14
19
118
321
14
19
118
321
14
19
117
320
14
19
117
320
14
19
116
322
14
19
117
325
14
19
117
325
14
19
116
325
14
19
114
324
14
19
114
325
14
19
114
325
14
19
114
325
14
19
114
325
14
19
113
322
14
19
114
321
14
19
114
321
14
19
116
323
14
19
115
325
14
19
117
324
14
19
117
325
14
19
117
326
14
19
115
325
14
19
114
324
14
19
113
325
14
19
112
324
14
19
111
327
14
19
112
323
14
19
112
325
14
19
111
325
14
19
110
323
14
19
110
323
14
19
110
325
14
19
110
325
14
19
110
325
14
19
110
324
14
19
110
324
14
19
110
324
14
19
110
325
14
19
110
325
14
19
110
325
14
19
110
325
14
19
110
326
14
19
110
328
14
19
110
329
14
19
110
329
14
19
110
325
14
19
109
324
14
19
108
324
14
19
107
326
14
19
108
327
14
19
108
327
14
19
106
328
14
19
105
327
14
19
105
326
14
19
105
326
14
19
105
326
14
19
104
326
14
19
105
325
14
19
105
327
14
19
106
327
14
19
107
326
14
19
108
326
14
19
107
326
14
19
107
325
14
19
107
326
14
19
106
326
14
19
106
326
14
19
106
326
14
19
106
325
14
19
105
325
14
19
105
324
14
19
105
325
14
19
105
326
14
19
105
326
14
19
103
324
14
19
103
326
14
19
102
324
14
19
102
322
14
19
102
324
14
19
101
323
14
19
100
326
14
19
101
323
14
19
101
322
14
19
102
322
14
19
102
324
14
19
103
324
14
19
102
323
14
19
103
323
14
19
103
325
14
19
103
325
14
19
103
325
14
19
103
325
14
19
103
325
14
19
102
324
14
19
103
323
14
19
103
323
14
19
103
323
14
19
99
322
14
19
101
322
14
19
100
322
14
19
100
322
14
19
100
322
14
19
100
322
14
19
96
323
14
19
98
323
14
19
97
323
14
19
97
323
14
19
96
323
14
19
97
322
14
19
99
323
14
19
98
322
14
19
98
322
14
19
99
325
14
19
96
321
14
19
96
324
14
19
96
323
14
19
95
322
14
19
95
324
14
19
95
323
14
19
95
323
14
19
93
322
14
19
95
321
14
19
93
321
14
19
93
323
14
19
93
323
14
19
91
323
14
19
94
321
14
19
94
323
14
19
93
323
14
19
91
322
14
19
91
322
14
19
91
324
14
19
92
323
14
19
93
323
14
19
93
323
14
19
93
323
14
19
93
322
14
19
93
322
14
19
93
322
14
19
93
322
14
19
90
323
14
19
90
323
14
19
89
323
14
19
88
325
14
19
88
325
14
19
87
325
14
19
87
325
14
19
87
323
14
19
87
323
14
19
87
323
14
19
87
323
14
19
85
322
14
19
85
322
14
19
85
322
14
19
85
322
14
19
86
322
14
19
86
322
14
19
86
322
14
19
86
322
14
19
86
320
14
19
85
319
14
19
84
319
14
19
84
319
14
19
84
319
14
19
84
319
14
19
84
318
14
19
84
318
14
19
83
319
14
19
83
318
14
19
82
317
14
19
82
318
14
19
82
318
14
19
82
317
14
19
81
316
14
19
80
315
14
19
80
314
14
19
80
312
14
19
80
312
14
19
80
312
14
19
81
312
14
19
81
313
14
19
81
318
14
19
80
319
14
19
80
319
14
19
80
317
14
19
80
317
14
19
80
317
14
19
79
317
14
19
77
316
14
19
78
319
14
19
77
319
14
19
77
318
14
19
76
318
14
19
75
318
14
19
75
318
14
19
74
316
14
19
74
316
14
19
74
314
14
19
74
314
14
19
74
317
14
19
72
315
14
19
73
314
14
19
73
314
14
19
76
314
14
19
76
314
14
19
76
315
14
19
77
315
14
19
78
315
14
19
78
314
14
19
77
313
14
19
75
311
14
19
74
311
14
19
73
310
14
19
73
307
14
19
73
307
14
19
73
307
14
19
73
306
14
19
73
306
14
19
73
306
14
19
73
306
14
19
73
306
14
19
73
307
14
19
73
307
14
19
73
307
14
19
73
308
14
19
73
309
14
19
73
309
14
19
73
309
14
19
73
309
14
19
73
309
14
19
73
309
14
19
73
308
14
19
68
314
14
19
67
315
14
19
68
313
14
19
69
313
14
19
66
314
14
19
65
314
14
19
66
316
14
19
65
316
14
19
64
316
14
19
64
316
14
19
64
316
14
19
64
316
14
19
64
316
14
19
64
316
14
19
64
316
14
19
63
317
14
19
62
317
14
19
62
317
14
19
61
318
14
19
62
317
14
19
63
316
14
19
62
318
14
19
61
317
14
19
62
316
14
19
61
316
14
19
60
316
14
19
59
316
14
19
59
316
14
19
58
316
14
19
58
316
14
19
58
315
14
19
58
316
14
19
58
316
14
19
58
316
14
19
57
316
14
19
57
316
14
19
57
316
14
19
57
316
14
19
57
316
14
19
57
316
14
19
57
316
14
19
58
316
14
19
58
316
14
19
58
316
14
19
58
312
14
19
58
312
14
19
59
311
14
19
58
311
14
19
58
311
14
19
58
309
14
19
56
309
14
19
55
309
14
19
55
308
14
19
55
307
14
19
55
307
14
19
55
307
14
19
55
307
14
19
54
307
14
19
53
307
14
19
52
307
14
19
52
307
14
19
52
307
14
19
54
306
14
19
53
307
14
19
54
305
14
19
54
305
14
19
54
305
14
19
54
304
14
19
53
304
14
19
53
303
14
19
53
303
14
19
53
305
14
19
53
304
14
19
53
304
14
19
53
304
14
19
52
305
14
19
51
305
14
19
50
305
14
19
49
305
14
19
48
305
14
19
48
305
14
19
49
304
14
19
48
304
14
19
48
303
14
19
48
304
14
19
48
304
14
19
49
304
14
19
50
304
14
19
50
303
14
19
48
308
14
19
48
307
14
19
49
307
14
19
49
304
14
19
49
304
14
19
48
304
14
19
48
304
14
19
47
304
14
19
46
302
14
19
46
306
14
19
45
306
14
19
44
305
14
19
42
303
14
19
41
302
14
19
40
302
14
19
40
302
14
19
41
304
14
19
42
304
14
19
41
305
14
19
42
305
14
19
44
301
14
19
44
301
14
19
44
301
14
19
43
301
14
19
42
301
14
19
42
300
14
19
41
300
14
19
40
300
14
19
40
300
14
19
39
300
14
19
39
300
14
19
39
300
14
19
38
300
14
19
37
300
14
19
36
300
14
19
36
299
14
19
35
300
14
19
35
304
14
19
34
304
14
19
34
304
14
19
34
304
14
19
35
304
14
19
36
304
14
19
37
304
14
19
37
304
14
19
37
304
14
19
37
304
14
19
36
303
14
19
36
303
14
19
36
303
14
19
36
304
14
19
37
303
14
19
37
304
14
19
37
304
14
19
34
301
14
19
35
301
14
19
34
302
14
19
34
301
14
19
34
300
14
19
34
300
14
19
34
300
14
19
31
300
14
19
31
300
14
19
30
301
14
19
30
301
14
19
31
302
14
19
31
302
14
19
32
301
14
19
32
302
14
19
35
301
14
19
35
301
14
19
33
300
14
19
31
301
14
19
31
300
14
19
31
300
14
19
31
300
14
19
33
300
14
19
33
300
14
19
33
299
14
19
30
300
14
19
29
300
14
19
27
298
14
19
30
299
14
19
29
299
14
19
27
300
14
19
26
300
14
19
26
300
14
19
26
297
14
19
28
298
14
19
26
293
14
19
26
293
14
19
28
300
14
19
28
300
14
19
27
300
14
19
28
300
14
19
28
300
14
19
27
300
14
19
27
300
14
19
26
298
14
19
25
300
14
19
25
300
14
19
25
299
14
19
25
298
14
19
24
298
14
19
23
298
14
19
23
298
14
19
23
298
14
19
23
297
14
19
22
297
14
19
22
299
14
19
23
301
14
19
23
300
14
19
25
302
14
19
25
303
14
19
25
302
14
19
25
303
14
19
26
303
14
19
26
303
14
19
26
303
14
19
22
303
14
19
23
303
14
19
23
304
14
19
22
304
14
19
21
303
14
19
21
303
14
19
19
305
14
19
19
305
14
19
19
305
14
19
19
307
14
19
19
307
14
19
19
304
14
19
19
304
14
19
19
305
14
19
18
306
14
19
18
305
14
19
18
305
14
19
16
306
14
19
15
306
14
19
15
306
14
19
16
306
14
19
17
309
14
19
17
309
14
19
16
308
14
19
16
308
14
19
15
309
14
19
15
309
14
19
12
314
14
19
10
315
14
19
10
315
14
19
10
315
14
19
13
309
14
19
12
309
14
19
12
309
14
19
12
309
14
19
12
308
14
19
12
309
14
19
12
308
14
19
12
308
14
19
11
308
14
19
10
309
14
19
13
310
14
19
12
310
14
19
13
307
14
19
13
307
14
19
13
307
14
19
14
309
14
19
15
307
14
19
12
309
14
19
11
309
14
19
11
308
14
19
10
306
14
19
12
306
14
19
12
306
14
19
12
307
14
19
11
307
14
19
11
305
14
19
11
305
14
19
11
309
14
19
13
307
14
19
12
307
14
19
12
307
14
19
11
307
14
19
11
307
14
19
10
307
14
19
9
308
14
19
10
308
14
19
10
307
14
19
11
306
14
19
11
306
14
19
11
304
14
19
12
303
14
19
12
305
14
19
11
305
14
19
9
306
14
19
9
304
14
19
8
304
14
19
6
307
14
19
5
307
14
19
5
307
14
19
6
307
14
19
5
305
14
19
4
306
14
19
4
306
14
19
6
308
14
19
6
308
14
19
6
307
14
19
3
308
14
19
3
308
14
19
6
307
14
19
5
307
14
19
7
308
14
19
7
309
14
19
7
309
14
19
7
308
14
19
5
305
14
19
5
304
14
19
6
308
14
19
5
307
14
19
5
307
14
19
5
307
14
19
3
309
14
19
3
309
14
19
3
309
14
19
3
310
14
19
3
309
14
19
2
310
14
19
2
312
14
19
1
312
14
19
1
311
14
19
2
311
14
19
0
310
14
19
0
312
14
19
0
312
14
19
0
312
14
19
1
311
14
19
1
311
14
19
1
311
14
19
1
311
14
19
1
311
14
19
0
311
14
19
0
310
14
19
0
309
14
19
