0
1304
395
179
14
19
393
178
14
19
395
176
14
19
397
174
14
19
398
172
14
19
398
170
14
19
398
168
14
19
398
168
14
19
404
169
14
19
405
171
14
19
406
173
14
19
409
173
14
19
412
173
14
19
415
173
14
19
418
173
14
19
419
173
14
19
419
172
14
19
419
171
14
19
418
171
14
19
417
172
14
19
416
172
14
19
416
172
14
19
415
172
14
19
415
172
14
19
416
172
14
19
418
172
14
19
419
173
14
19
420
174
14
19
421
174
14
19
421
174
14
19
420
173
14
19
420
173
14
19
419
173
14
19
419
173
14
19
419
173
14
19
419
174
14
19
419
175
14
19
420
175
14
19
421
174
14
19
422
174
14
19
423
173
14
19
423
172
14
19
424
173
14
19
424
173
14
19
424
174
14
19
424
175
14
19
424
175
14
19
422
173
14
19
423
172
14
19
422
174
14
19
423
174
14
19
422
169
14
19
420
170
14
19
420
170
14
19
419
171
14
19
418
171
14
19
417
171
14
19
417
171
14
19
417
171
14
19
418
171
14
19
417
171
14
19
419
171
14
19
420
171
14
19
420
172
14
19
420
172
14
19
420
172
14
19
419
171
14
19
419
171
14
19
418
171
14
19
423
173
14
19
425
174
14
19
426
174
14
19
426
174
14
19
426
173
14
19
426
173
14
19
426
172
14
19
424
172
14
19
423
172
14
19
422
172
14
19
422
172
14
19
423
172
14
19
423
172
14
19
423
172
14
19
424
171
14
19
423
171
14
19
423
171
14
19
423
173
14
19
424
173
14
19
425
173
14
19
424
173
14
19
424
172
14
19
425
172
14
19
425
172
14
19
425
171
14
19
424
170
14
19
424
170
14
19
423
170
14
19
425
173
14
19
423
171
14
19
423
171
14
19
423
171
14
19
423
171
14
19
423
171
14
19
422
171
14
19
422
171
14
19
422
171
14
19
423
171
14
19
424
170
14
19
424
170
14
19
426
170
14
19
426
170
14
19
427
171
14
19
427
171
14
19
428
170
14
19
428
170
14
19
429
170
14
19
429
171
14
19
429
171
14
19
429
171
14
19
429
171
14
19
429
172
14
19
428
171
14
19
428
171
14
19
427
171
14
19
426
171
14
19
426
171
14
19
425
171
14
19
425
172
14
19
425
172
14
19
428
174
14
19
428
174
14
19
429
173
14
19
430
172
14
19
431
172
14
19
433
172
14
19
433
173
14
19
433
173
14
19
433
173
14
19
434
173
14
19
434
173
14
19
434
172
14
19
435
172
14
19
435
172
14
19
434
172
14
19
434
172
14
19
432
171
14
19
431
171
14
19
430
170
14
19
430
170
14
19
430
170
14
19
430
170
14
19
430
171
14
19
431
171
14
19
432
171
14
19
432
171
14
19
432
171
14
19
432
171
14
19
432
171
14
19
432
172
14
19
433
172
14
19
434
173
14
19
435
173
14
19
436
173
14
19
436
173
14
19
436
172
14
19
435
173
14
19
435
173
14
19
435
173
14
19
434
173
14
19
434
173
14
19
434
173
14
19
436
175
14
19
435
173
14
19
435
174
14
19
435
174
14
19
434
175
14
19
434
175
14
19
434
175
14
19
434
175
14
19
434
175
14
19
435
175
14
19
436
175
14
19
436
175
14
19
435
175
14
19
436
175
14
19
435
175
14
19
435
175
14
19
435
175
14
19
435
174
14
19
435
174
14
19
435
174
14
19
435
174
14
19
436
175
14
19
435
175
14
19
435
175
14
19
435
174
14
19
435
174
14
19
435
173
14
19
435
172
14
19
435
172
14
19
435
172
14
19
435
172
14
19
436
172
14
19
437
173
14
19
437
173
14
19
438
173
14
19
438
173
14
19
439
173
14
19
439
173
14
19
439
172
14
19
439
172
14
19
439
172
14
19
440
176
14
19
437
176
14
19
436
176
14
19
436
176
14
19
435
176
14
19
436
176
14
19
437
176
14
19
437
176
14
19
437
176
14
19
437
176
14
19
437
176
14
19
437
176
14
19
437
176
14
19
437
176
14
19
442
174
14
19
442
174
14
19
443
174
14
19
443
174
14
19
445
175
14
19
445
175
14
19
445
175
14
19
445
175
14
19
445
174
14
19
446
174
14
19
446
174
14
19
445
174
14
19
445
176
14
19
445
176
14
19
444
175
14
19
444
175
14
19
444
175
14
19
442
175
14
19
444
175
14
19
443
175
14
19
443
175
14
19
443
175
14
19
442
174
14
19
443
174
14
19
445
175
14
19
443
174
14
19
444
174
14
19
444
174
14
19
445
174
14
19
446
176
14
19
445
176
14
19
445
176
14
19
443
176
14
19
446
177
14
19
444
177
14
19
443
177
14
19
448
176
14
19
448
173
14
19
448
177
14
19
447
178
14
19
447
178
14
19
447
179
14
19
447
181
14
19
449
177
14
19
451
179
14
19
451
179
14
19
450
178
14
19
450
178
14
19
450
178
14
19
450
178
14
19
450
178
14
19
450
178
14
19
450
178
14
19
450
178
14
19
450
178
14
19
450
178
14
19
450
178
14
19
450
178
14
19
449
178
14
19
449
178
14
19
448
178
14
19
449
178
14
19
450
178
14
19
450
178
14
19
449
178
14
19
449
176
14
19
449
174
14
19
449
174
14
19
450
174
14
19
450
174
14
19
450
174
14
19
451
174
14
19
451
174
14
19
452
173
14
19
452
172
14
19
452
172
14
19
453
172
14
19
454
172
14
19
453
173
14
19
453
173
14
19
453
173
14
19
452
172
14
19
452
171
14
19
453
171
14
19
453
171
14
19
454
170
14
19
454
170
14
19
455
174
14
19
453
173
14
19
453
173
14
19
453
173
14
19
453
173
14
19
453
173
14
19
454
173
14
19
454
174
14
19
454
174
14
19
455
173
14
19
455
173
14
19
456
172
14
19
457
172
14
19
456
174
14
19
456
174
14
19
456
174
14
19
456
175
14
19
457
175
14
19
457
175
14
19
457
175
14
19
456
176
14
19
455
176
14
19
454
175
14
19
454
175
14
19
454
175
14
19
455
174
14
19
455
174
14
19
456
175
14
19
457
175
14
19
457
176
14
19
458
176
14
19
458
176
14
19
459
176
14
19
459
176
14
19
459
176
14
19
459
176
14
19
459
176
14
19
460
177
14
19
460
177
14
19
459
177
14
19
459
177
14
19
459
176
14
19
457
174
14
19
458
173
14
19
457
173
14
19
457
173
14
19
457
173
14
19
457
173
14
19
457
173
14
19
457
173
14
19
457
173
14
19
457
174
14
19
459
174
14
19
462
176
14
19
461
178
14
19
462
178
14
19
462
178
14
19
462
178
14
19
462
178
14
19
461
178
14
19
461
178
14
19
461
178
14
19
461
178
14
19
461
178
14
19
462
178
14
19
463
178
14
19
463
178
14
19
463
178
14
19
464
178
14
19
464
178
14
19
464
178
14
19
464
178
14
19
464
179
14
19
464
179
14
19
464
179
14
19
464
179
14
19
464
179
14
19
464
179
14
19
465
178
14
19
466
178
14
19
467
178
14
19
467
178
14
19
468
178
14
19
468
178
14
19
468
177
14
19
467
176
14
19
466
176
14
19
465
177
14
19
465
178
14
19
465
178
14
19
465
177
14
19
465
177
14
19
464
177
14
19
464
176
14
19
465
174
14
19
465
177
14
19
466
177
14
19
465
178
14
19
465
177
14
19
465
177
14
19
465
177
14
19
465
178
14
19
465
178
14
19
466
178
14
19
466
178
14
19
466
178
14
19
466
180
14
19
467
181
14
19
467
181
14
19
468
180
14
19
467
179
14
19
467
178
14
19
469
173
14
19
470
174
14
19
470
174
14
19
472
173
14
19
471
173
14
19
471
173
14
19
471
173
14
19
471
173
14
19
471
173
14
19
471
173
14
19
471
174
14
19
472
174
14
19
472
174
14
19
473
174
14
19
472
174
14
19
472
174
14
19
471
174
14
19
471
174
14
19
470
174
14
19
470
173
14
19
470
172
14
19
470
172
14
19
470
171
14
19
475
170
14
19
475
173
14
19
475
175
14
19
475
175
14
19
475
175
14
19
475
175
14
19
475
175
14
19
474
175
14
19
473
175
14
19
473
175
14
19
474
175
14
19
474
175
14
19
475
175
14
19
476
174
14
19
476
174
14
19
476
174
14
19
476
174
14
19
476
174
14
19
476
174
14
19
476
174
14
19
477
175
14
19
476
175
14
19
476
175
14
19
476
175
14
19
476
175
14
19
476
175
14
19
476
175
14
19
476
175
14
19
476
175
14
19
476
175
14
19
476
175
14
19
476
176
14
19
476
176
14
19
477
176
14
19
477
176
14
19
477
176
14
19
477
176
14
19
478
176
14
19
479
177
14
19
481
177
14
19
481
177
14
19
481
177
14
19
480
179
14
19
479
180
14
19
479
180
14
19
479
180
14
19
479
178
14
19
480
178
14
19
480
178
14
19
480
178
14
19
479
178
14
19
479
178
14
19
479
178
14
19
479
178
14
19
479
178
14
19
480
178
14
19
480
179
14
19
480
179
14
19
479
180
14
19
479
180
14
19
479
180
14
19
479
176
14
19
482
177
14
19
483
179
14
19
483
179
14
19
483
178
14
19
483
179
14
19
484
179
14
19
484
179
14
19
484
179
14
19
484
179
14
19
483
180
14
19
483
180
14
19
483
180
14
19
483
180
14
19
483
180
14
19
483
179
14
19
483
179
14
19
483
179
14
19
483
179
14
19
484
179
14
19
484
179
14
19
485
179
14
19
485
179
14
19
486
179
14
19
486
181
14
19
486
181
14
19
486
181
14
19
487
180
14
19
487
180
14
19
486
181
14
19
486
181
14
19
486
181
14
19
486
181
14
19
486
181
14
19
486
182
14
19
487
182
14
19
487
182
14
19
487
182
14
19
487
183
14
19
487
183
14
19
487
183
14
19
487
182
14
19
486
178
14
19
486
181
14
19
486
180
14
19
487
181
14
19
487
181
14
19
487
181
14
19
487
183
14
19
487
183
14
19
488
183
14
19
488
183
14
19
488
183
14
19
488
182
14
19
488
181
14
19
488
181
14
19
487
181
14
19
487
181
14
19
486
181
14
19
486
180
14
19
484
179
14
19
484
180
14
19
484
180
14
19
485
181
14
19
489
180
14
19
491
181
14
19
491
181
14
19
491
181
14
19
491
181
14
19
492
181
14
19
493
181
14
19
494
181
14
19
495
181
14
19
496
181
14
19
497
181
14
19
498
181
14
19
498
181
14
19
498
181
14
19
496
180
14
19
496
180
14
19
496
180
14
19
496
179
14
19
496
179
14
19
496
179
14
19
496
179
14
19
497
180
14
19
497
180
14
19
496
180
14
19
497
180
14
19
497
180
14
19
498
180
14
19
499
180
14
19
500
180
14
19
500
180
14
19
501
181
14
19
502
180
14
19
502
180
14
19
497
180
14
19
495
179
14
19
494
179
14
19
494
179
14
19
493
178
14
19
494
177
14
19
494
177
14
19
497
178
14
19
497
180
14
19
497
180
14
19
496
180
14
19
497
181
14
19
497
181
14
19
497
181
14
19
494
181
14
19
494
181
14
19
495
181
14
19
495
181
14
19
500
181
14
19
500
182
14
19
500
182
14
19
501
181
14
19
502
181
14
19
503
181
14
19
503
183
14
19
502
181
14
19
502
180
14
19
502
180
14
19
502
180
14
19
501
179
14
19
501
179
14
19
501
179
14
19
502
178
14
19
502
179
14
19
502
179
14
19
502
180
14
19
503
179
14
19
503
179
14
19
503
179
14
19
503
179
14
19
503
179
14
19
504
179
14
19
504
179
14
19
505
179
14
19
506
179
14
19
506
180
14
19
506
180
14
19
506
180
14
19
506
180
14
19
506
180
14
19
507
180
14
19
508
180
14
19
508
181
14
19
507
181
14
19
506
181
14
19
506
180
14
19
506
180
14
19
506
180
14
19
506
181
14
19
504
183
14
19
506
185
14
19
505
185
14
19
505
185
14
19
505
185
14
19
505
185
14
19
506
185
14
19
507
184
14
19
508
184
14
19
508
184
14
19
508
185
14
19
508
184
14
19
508
184
14
19
508
183
14
19
508
183
14
19
509
183
14
19
510
183
14
19
511
183
14
19
511
183
14
19
511
184
14
19
511
184
14
19
510
185
14
19
510
185
14
19
509
185
14
19
510
185
14
19
510
185
14
19
510
185
14
19
510
185
14
19
510
186
14
19
511
186
14
19
512
186
14
19
513
186
14
19
514
186
14
19
511
184
14
19
512
185
14
19
510
184
14
19
511
184
14
19
511
184
14
19
510
184
14
19
510
184
14
19
510
184
14
19
510
184
14
19
510
185
14
19
510
184
14
19
510
184
14
19
509
184
14
19
509
184
14
19
509
184
14
19
510
184
14
19
511
184
14
19
512
184
14
19
513
183
14
19
514
183
14
19
515
183
14
19
515
183
14
19
515
183
14
19
515
183
14
19
515
183
14
19
515
183
14
19
515
183
14
19
515
183
14
19
515
184
14
19
515
184
14
19
515
184
14
19
515
184
14
19
514
184
14
19
514
184
14
19
514
183
14
19
514
183
14
19
513
183
14
19
513
183
14
19
513
183
14
19
514
183
14
19
514
183
14
19
516
184
14
19
517
187
14
19
520
187
14
19
520
187
14
19
520
187
14
19
520
187
14
19
520
187
14
19
520
190
14
19
520
189
14
19
521
189
14
19
522
189
14
19
523
189
14
19
523
189
14
19
522
189
14
19
522
189
14
19
522
189
14
19
522
188
14
19
521
188
14
19
521
187
14
19
521
187
14
19
521
187
14
19
521
187
14
19
520
186
14
19
520
186
14
19
520
186
14
19
521
186
14
19
522
185
14
19
523
185
14
19
523
185
14
19
524
184
14
19
524
184
14
19
523
184
14
19
523
183
14
19
523
183
14
19
523
184
14
19
523
185
14
19
523
185
14
19
524
185
14
19
524
185
14
19
524
185
14
19
523
185
14
19
523
185
14
19
523
185
14
19
523
185
14
19
523
185
14
19
524
184
14
19
524
184
14
19
524
185
14
19
524
186
14
19
524
188
14
19
526
190
14
19
526
193
14
19
526
194
14
19
526
196
14
19
527
195
14
19
527
195
14
19
526
195
14
19
525
195
14
19
525
195
14
19
525
195
14
19
525
195
14
19
525
193
14
19
525
193
14
19
524
192
14
19
524
192
14
19
525
192
14
19
525
192
14
19
524
193
14
19
524
193
14
19
524
193
14
19
525
194
14
19
526
194
14
19
526
194
14
19
527
194
14
19
527
195
14
19
527
194
14
19
528
194
14
19
529
194
14
19
527
193
14
19
527
193
14
19
527
193
14
19
527
193
14
19
526
192
14
19
526
192
14
19
526
192
14
19
527
193
14
19
527
193
14
19
527
193
14
19
529
192
14
19
529
192
14
19
530
192
14
19
532
181
14
19
532
188
14
19
530
190
14
19
530
190
14
19
530
190
14
19
530
190
14
19
530
189
14
19
532
189
14
19
532
189
14
19
533
181
14
19
531
179
14
19
530
178
14
19
529
178
14
19
528
180
14
19
528
180
14
19
527
180
14
19
527
179
14
19
527
179
14
19
528
178
14
19
528
178
14
19
528
178
14
19
528
178
14
19
528
177
14
19
527
177
14
19
527
176
14
19
526
177
14
19
532
183
14
19
531
184
14
19
531
187
14
19
532
186
14
19
533
186
14
19
534
186
14
19
534
186
14
19
535
186
14
19
534
186
14
19
534
186
14
19
533
186
14
19
532
185
14
19
532
185
14
19
532
185
14
19
532
185
14
19
533
185
14
19
533
186
14
19
533
185
14
19
534
185
14
19
534
185
14
19
534
185
14
19
534
185
14
19
534
185
14
19
533
185
14
19
533
185
14
19
533
185
14
19
535
185
14
19
537
185
14
19
537
185
14
19
538
185
14
19
539
185
14
19
540
185
14
19
541
184
14
19
542
184
14
19
541
184
14
19
540
184
14
19
539
183
14
19
538
182
14
19
537
181
14
19
537
181
14
19
537
181
14
19
537
182
14
19
539
183
14
19
538
185
14
19
538
188
14
19
539
188
14
19
540
188
14
19
540
188
14
19
540
188
14
19
540
188
14
19
541
188
14
19
541
188
14
19
542
188
14
19
544
184
14
19
544
187
14
19
544
188
14
19
544
188
14
19
544
188
14
19
543
188
14
19
543
188
14
19
543
188
14
19
543
188
14
19
542
188
14
19
542
189
14
19
542
185
14
19
544
187
14
19
544
187
14
19
545
187
14
19
545
187
14
19
545
187
14
19
545
187
14
19
546
187
14
19
546
187
14
19
545
187
14
19
545
187
14
19
547
188
14
19
548
187
14
19
550
186
14
19
550
186
14
19
550
186
14
19
550
187
14
19
550
187
14
19
549
187
14
19
549
187
14
19
548
186
14
19
548
186
14
19
548
186
14
19
548
186
14
19
547
185
14
19
548
184
14
19
548
184
14
19
549
184
14
19
549
184
14
19
550
184
14
19
550
184
14
19
551
184
14
19
551
184
14
19
551
184
14
19
551
184
14
19
552
184
14
19
552
183
14
19
553
183
14
19
553
183
14
19
553
184
14
19
548
183
14
19
550
184
14
19
547
184
14
19
546
184
14
19
546
184
14
19
546
183
14
19
546
183
14
19
546
183
14
19
546
183
14
19
546
183
14
19
546
183
14
19
546
183
14
19
547
183
14
19
547
182
14
19
547
182
14
19
547
182
14
19
547
182
14
19
548
182
14
19
548
182
14
19
548
182
14
19
548
182
14
19
548
182
14
19
548
182
14
19
548
182
14
19
549
181
14
19
555
184
14
19
553
186
14
19
553
186
14
19
553
186
14
19
553
186
14
19
553
187
14
19
553
186
14
19
553
186
14
19
553
186
14
19
552
187
14
19
553
187
14
19
553
187
14
19
554
186
14
19
554
186
14
19
554
186
14
19
552
185
14
19
553
185
14
19
554
186
14
19
554
187
14
19
554
186
14
19
554
186
14
19
554
186
14
19
554
186
14
19
554
186
14
19
553
187
14
19
553
187
14
19
553
187
14
19
553
187
14
19
553
187
14
19
553
188
14
19
553
188
14
19
553
189
14
19
553
189
14
19
554
189
14
19
554
190
14
19
554
191
14
19
555
191
14
19
555
191
14
19
556
191
14
19
556
191
14
19
556
191
14
19
560
189
14
19
562
191
14
19
562
191
14
19
563
191
14
19
563
191
14
19
563
191
14
19
564
191
14
19
564
191
14
19
563
191
14
19
562
190
14
19
562
190
14
19
562
190
14
19
561
190
14
19
562
190
14
19
563
190
14
19
564
190
14
19
564
190
14
19
565
190
14
19
565
191
14
19
565
191
14
19
565
191
14
19
565
191
14
19
566
191
14
19
567
191
14
19
567
192
14
19
568
192
14
19
569
191
14
19
569
191
14
19
569
191
14
19
569
191
14
19
570
192
14
19
570
190
14
19
570
190
14
19
570
190
14
19
570
190
14
19
570
192
14
19
570
192
14
19
570
192
14
19
570
192
14
19
570
192
14
19
570
192
14
19
567
190
14
19
567
192
14
19
565
194
14
19
565
194
14
19
565
194
14
19
565
193
14
19
565
193
14
19
566
193
14
19
567
193
14
19
568
193
14
19
567
193
14
19
568
193
14
19
567
192
14
19
566
193
14
19
565
193
14
19
564
193
14
19
564
193
14
19
564
193
14
19
564
193
14
19
564
193
14
19
565
192
14
19
567
192
14
19
567
192
14
19
568
191
14
19
568
191
14
19
569
192
14
19
569
192
14
19
569
194
14
19
569
193
14
19
568
193
14
19
568
193
14
19
568
193
14
19
569
194
14
19
569
194
14
19
569
194
14
19
570
194
14
19
571
195
14
19
571
195
14
19
571
194
14
19
573
192
14
19
571
194
14
19
571
194
14
19
570
194
14
19
569
194
14
19
570
193
14
19
571
193
14
19
572
193
14
19
572
193
14
19
573
193
14
19
573
193
14
19
573
194
14
19
574
194
14
19
575
195
14
19
575
196
14
19
574
195
14
19
574
197
14
19
574
198
14
19
574
199
14
19
574
199
14
19
574
200
14
19
574
200
14
19
574
200
14
19
573
200
14
19
573
200
14
19
572
200
14
19
572
200
14
19
571
200
14
19
571
200
14
19
571
200
14
19
573
199
14
19
575
198
14
19
577
198
14
19
579
197
14
19
580
197
14
19
581
197
14
19
581
197
14
19
580
197
14
19
579
197
14
19
578
196
14
19
577
196
14
19
578
197
14
19
579
198
14
19
579
198
14
19
577
199
14
19
577
198
14
19
578
199
14
19
578
197
14
19
579
197
14
19
578
196
14
19
578
197
14
19
578
197
14
19
579
199
14
19
579
199
14
19
580
199
14
19
580
199
14
19
580
200
14
19
580
200
14
19
580
201
14
19
581
201
14
19
581
201
14
19
581
200
14
19
581
200
14
19
581
200
14
19
581
200
14
19
580
199
14
19
581
199
14
19
582
197
14
19
583
196
14
19
583
196
14
19
583
196
14
19
582
196
14
19
582
196
14
19
583
197
14
19
583
197
14
19
582
198
14
19
582
198
14
19
583
198
14
19
583
198
14
19
584
198
14
19
585
198
14
19
585
198
14
19
586
198
14
19
586
198
14
19
589
197
14
19
589
193
14
19
589
197
14
19
587
196
14
19
586
196
14
19
586
196
14
19
586
196
14
19
586
196
14
19
586
195
14
19
586
196
14
19
586
196
14
19
586
196
14
19
586
197
14
19
585
198
14
19
585
198
14
19
582
198
14
19
582
199
14
19
582
199
14
19
581
201
14
19
581
202
14
19
581
203
14
19
581
203
14
19
582
203
14
19
583
203
14
19
584
203
14
19
584
203
14
19
584
202
14
19
584
202
14
19
584
202
14
19
584
202
14
19
584
202
14
19
585
201
14
19
584
201
14
19
583
202
14
19
584
202
14
19
585
204
14
19
585
202
14
19
584
202
14
19
584
203
14
19
584
203
14
19
584
203
14
19
585
203
14
19
586
202
14
19
592
200
14
19
594
202
14
19
593
199
14
19
592
202
14
19
591
204
14
19
591
204
14
19
591
204
14
19
592
204
14
19
592
203
14
19
592
203
14
19
593
203
14
19
593
203
14
19
593
203
14
19
592
203
14
19
593
203
14
19
592
203
14
19
592
204
14
19
591
204
14
19
590
203
14
19
590
202
14
19
589
201
14
19
588
201
14
19
587
201
14
19
586
201
14
19
586
201
14
19
585
201
14
19
585
201
14
19
585
201
14
19
585
201
14
19
585
201
14
19
591
204
14
19
590
207
14
19
588
206
14
19
589
206
14
19
589
206
14
19
589
206
14
19
589
206
14
19
589
207
14
19
589
207
14
19
588
207
14
19
587
207
14
19
587
208
14
19
586
208
14
19
585
208
14
19
583
208
14
19
582
208
14
19
581
208
14
19
580
208
14
19
578
208
14
19
578
208
14
19
577
208
14
19
576
208
14
19
575
209
14
19
575
209
14
19
574
209
14
19
574
209
14
19
573
209
14
19
573
209
14
19
572
209
14
19
572
209
14
19
572
209
14
19
571
209
14
19
571
209
14
19
570
209
14
19
569
209
14
19
567
209
14
19
566
210
14
19
564
210
14
19
563
210
14
19
562
209
14
19
562
207
14
19
