0
547
237
66
14
19
235
67
14
19
244
61
14
19
242
59
14
19
243
57
14
19
244
55
14
19
251
50
14
19
254
50
14
19
255
50
14
19
256
51
14
19
256
52
14
19
259
52
14
19
262
52
14
19
265
52
14
19
268
52
14
19
269
52
14
19
270
51
14
19
271
50
14
19
271
50
14
19
270
51
14
19
270
51
14
19
270
51
14
19
270
50
14
19
270
50
14
19
271
49
14
19
273
50
14
19
273
51
14
19
275
51
14
19
277
51
14
19
277
50
14
19
276
49
14
19
277
49
14
19
276
47
14
19
276
47
14
19
279
50
14
19
279
51
14
19
278
53
14
19
280
53
14
19
281
53
14
19
282
53
14
19
283
52
14
19
284
51
14
19
284
52
14
19
284
52
14
19
284
52
14
19
284
53
14
19
284
53
14
19
284
54
14
19
286
53
14
19
291
53
14
19
288
53
14
19
288
52
14
19
288
52
14
19
288
52
14
19
288
54
14
19
288
54
14
19
288
54
14
19
288
54
14
19
289
54
14
19
291
54
14
19
298
51
14
19
300
53
14
19
302
52
14
19
302
52
14
19
303
52
14
19
303
52
14
19
304
52
14
19
304
52
14
19
304
52
14
19
306
52
14
19
308
54
14
19
309
54
14
19
309
54
14
19
310
53
14
19
311
53
14
19
312
51
14
19
312
51
14
19
312
51
14
19
312
51
14
19
313
51
14
19
314
51
14
19
315
51
14
19
316
51
14
19
316
50
14
19
317
50
14
19
318
50
14
19
318
52
14
19
319
52
14
19
320
52
14
19
320
52
14
19
321
52
14
19
322
52
14
19
323
52
14
19
323
52
14
19
323
52
14
19
323
52
14
19
323
52
14
19
324
52
14
19
324
53
14
19
325
51
14
19
325
51
14
19
325
49
14
19
323
50
14
19
323
50
14
19
323
50
14
19
323
50
14
19
323
50
14
19
328
48
14
19
330
49
14
19
331
49
14
19
332
49
14
19
334
48
14
19
334
48
14
19
335
46
14
19
335
45
14
19
336
45
14
19
337
46
14
19
338
46
14
19
338
47
14
19
338
47
14
19
338
47
14
19
338
46
14
19
339
46
14
19
339
46
14
19
339
46
14
19
339
46
14
19
339
46
14
19
339
46
14
19
342
46
14
19
339
46
14
19
339
47
14
19
341
47
14
19
346
48
14
19
344
47
14
19
346
47
14
19
346
48
14
19
347
48
14
19
354
47
14
19
355
49
14
19
357
48
14
19
357
48
14
19
359
48
14
19
359
48
14
19
359
48
14
19
359
48
14
19
359
48
14
19
357
48
14
19
357
48
14
19
357
48
14
19
357
48
14
19
358
48
14
19
358
48
14
19
359
48
14
19
360
46
14
19
360
45
14
19
361
45
14
19
362
45
14
19
362
44
14
19
362
44
14
19
363
44
14
19
365
45
14
19
366
45
14
19
367
45
14
19
369
45
14
19
370
45
14
19
369
46
14
19
370
46
14
19
370
46
14
19
370
46
14
19
370
46
14
19
371
45
14
19
373
44
14
19
374
43
14
19
374
43
14
19
374
44
14
19
375
44
14
19
375
44
14
19
376
46
14
19
380
47
14
19
378
47
14
19
378
47
14
19
379
47
14
19
380
46
14
19
385
44
14
19
386
46
14
19
386
46
14
19
386
46
14
19
387
46
14
19
389
45
14
19
389
46
14
19
389
46
14
19
390
46
14
19
391
46
14
19
391
46
14
19
391
46
14
19
394
43
14
19
396
44
14
19
397
44
14
19
398
43
14
19
398
43
14
19
398
41
14
19
399
41
14
19
401
41
14
19
402
41
14
19
404
41
14
19
405
41
14
19
406
41
14
19
407
41
14
19
407
42
14
19
409
42
14
19
409
42
14
19
410
43
14
19
410
43
14
19
412
41
14
19
412
42
14
19
413
41
14
19
413
41
14
19
414
42
14
19
414
41
14
19
414
41
14
19
415
41
14
19
415
41
14
19
416
42
14
19
417
41
14
19
418
40
14
19
418
40
14
19
418
41
14
19
420
41
14
19
421
40
14
19
422
40
14
19
423
41
14
19
424
41
14
19
425
41
14
19
425
40
14
19
426
40
14
19
427
40
14
19
427
42
14
19
429
44
14
19
429
44
14
19
430
43
14
19
431
41
14
19
431
41
14
19
433
41
14
19
433
42
14
19
432
42
14
19
433
42
14
19
434
41
14
19
434
41
14
19
435
40
14
19
437
40
14
19
438
39
14
19
438
39
14
19
438
38
14
19
438
38
14
19
439
38
14
19
439
38
14
19
439
38
14
19
440
38
14
19
441
39
14
19
443
38
14
19
444
38
14
19
444
38
14
19
445
38
14
19
446
37
14
19
447
35
14
19
447
35
14
19
448
35
14
19
449
35
14
19
449
37
14
19
452
37
14
19
452
37
14
19
453
37
14
19
453
36
14
19
453
36
14
19
454
36
14
19
455
36
14
19
456
36
14
19
456
38
14
19
453
38
14
19
454
38
14
19
454
38
14
19
455
37
14
19
455
37
14
19
456
38
14
19
456
38
14
19
461
36
14
19
458
36
14
19
458
35
14
19
458
36
14
19
465
36
14
19
468
36
14
19
469
37
14
19
469
37
14
19
470
37
14
19
471
37
14
19
472
37
14
19
472
36
14
19
475
36
14
19
476
36
14
19
478
35
14
19
479
34
14
19
480
34
14
19
481
35
14
19
481
35
14
19
481
36
14
19
481
36
14
19
481
36
14
19
481
35
14
19
482
35
14
19
484
35
14
19
485
34
14
19
486
33
14
19
487
35
14
19
488
35
14
19
489
35
14
19
490
35
14
19
490
36
14
19
490
35
14
19
490
33
14
19
491
33
14
19
492
33
14
19
493
32
14
19
494
31
14
19
495
31
14
19
496
30
14
19
497
30
14
19
498
32
14
19
498
32
14
19
499
32
14
19
500
33
14
19
501
33
14
19
502
33
14
19
502
32
14
19
502
32
14
19
501
32
14
19
501
31
14
19
502
30
14
19
503
31
14
19
503
34
14
19
503
34
14
19
504
33
14
19
505
34
14
19
505
32
14
19
507
32
14
19
507
32
14
19
508
31
14
19
509
31
14
19
510
31
14
19
511
31
14
19
512
30
14
19
513
30
14
19
513
30
14
19
513
30
14
19
518
33
14
19
515
33
14
19
520
36
14
19
520
36
14
19
520
36
14
19
520
36
14
19
521
35
14
19
521
35
14
19
522
34
14
19
523
34
14
19
524
34
14
19
524
34
14
19
526
32
14
19
527
32
14
19
529
32
14
19
530
32
14
19
532
32
14
19
533
32
14
19
534
32
14
19
534
32
14
19
534
32
14
19
534
33
14
19
534
34
14
19
534
32
14
19
535
30
14
19
536
30
14
19
536
30
14
19
536
30
14
19
537
30
14
19
538
30
14
19
539
31
14
19
539
31
14
19
539
31
14
19
540
31
14
19
541
31
14
19
542
31
14
19
543
30
14
19
544
30
14
19
546
29
14
19
547
29
14
19
549
29
14
19
550
29
14
19
551
30
14
19
554
31
14
19
551
31
14
19
552
29
14
19
552
29
14
19
553
30
14
19
554
30
14
19
555
30
14
19
557
29
14
19
557
29
14
19
558
28
14
19
558
27
14
19
559
27
14
19
559
28
14
19
561
28
14
19
561
29
14
19
563
29
14
19
564
29
14
19
569
29
14
19
572
29
14
19
573
29
14
19
575
29
14
19
575
29
14
19
576
29
14
19
578
31
14
19
579
31
14
19
581
31
14
19
582
29
14
19
582
29
14
19
583
28
14
19
584
28
14
19
584
29
14
19
584
29
14
19
584
29
14
19
583
28
14
19
584
28
14
19
584
28
14
19
585
30
14
19
585
30
14
19
586
29
14
19
587
31
14
19
588
31
14
19
589
31
14
19
590
31
14
19
590
31
14
19
590
31
14
19
590
31
14
19
591
30
14
19
591
30
14
19
591
30
14
19
592
29
14
19
593
27
14
19
599
27
14
19
599
27
14
19
601
28
14
19
602
27
14
19
602
27
14
19
603
27
14
19
604
28
14
19
604
28
14
19
604
28
14
19
604
28
14
19
606
28
14
19
608
28
14
19
609
28
14
19
611
28
14
19
613
28
14
19
614
27
14
19
615
27
14
19
615
27
14
19
616
26
14
19
616
27
14
19
616
27
14
19
617
27
14
19
617
28
14
19
617
27
14
19
619
27
14
19
620
27
14
19
621
27
14
19
622
27
14
19
623
27
14
19
623
27
14
19
623
27
14
19
624
27
14
19
625
29
14
19
625
29
14
19
625
29
14
19
625
29
14
19
625
29
14
19
631
29
14
19
633
27
14
19
634
28
14
19
636
27
14
19
636
27
14
19
637
27
14
19
637
27
14
19
637
29
14
19
638
29
14
19
639
27
14
19
640
26
14
19
641
26
14
19
642
26
14
19
644
28
14
19
644
29
14
19
645
29
14
19
646
29
14
19
647
29
14
19
648
29
14
19
649
29
14
19
650
30
14
19
650
30
14
19
651
30
14
19
652
30
14
19
652
30
14
19
654
29
14
19
655
29
14
19
656
29
14
19
658
30
14
19
659
28
14
19
659
28
14
19
660
27
14
19
660
27
14
19
660
27
14
19
661
27
14
19
661
27
14
19
662
27
14
19
663
28
14
19
663
28
14
19
664
27
14
19
665
27
14
19
667
28
14
19
664
28
14
19
665
28
14
19
666
28
14
19
667
27
14
19
668
27
14
19
670
27
14
19
671
27
14
19
672
29
14
19
674
29
14
19
675
28
14
19
676
27
14
19
677
27
14
19
683
28
14
19
686
28
14
19
687
28
14
19
687
28
14
19
687
31
14
19
688
31
14
19
688
30
14
19
688
30
14
19
688
29
14
19
