0
777
204
197
14
19
206
197
14
19
208
195
14
19
209
193
14
19
210
191
14
19
210
189
14
19
210
187
14
19
209
187
14
19
209
187
14
19
209
188
14
19
210
188
14
19
212
189
14
19
214
190
14
19
217
190
14
19
219
189
14
19
220
189
14
19
220
187
14
19
220
186
14
19
218
186
14
19
217
187
14
19
216
186
14
19
216
187
14
19
215
186
14
19
215
186
14
19
216
185
14
19
217
185
14
19
217
187
14
19
218
187
14
19
218
187
14
19
218
187
14
19
217
187
14
19
217
187
14
19
215
187
14
19
214
187
14
19
213
187
14
19
213
187
14
19
213
187
14
19
213
188
14
19
214
187
14
19
214
187
14
19
215
187
14
19
218
189
14
19
218
189
14
19
218
189
14
19
218
190
14
19
218
191
14
19
217
193
14
19
216
193
14
19
217
192
14
19
218
191
14
19
217
191
14
19
216
190
14
19
214
190
14
19
213
190
14
19
213
190
14
19
212
191
14
19
211
191
14
19
211
191
14
19
211
191
14
19
212
191
14
19
212
191
14
19
213
191
14
19
214
191
14
19
213
192
14
19
213
192
14
19
213
192
14
19
213
192
14
19
213
192
14
19
212
192
14
19
212
192
14
19
212
194
14
19
213
194
14
19
214
193
14
19
214
192
14
19
214
192
14
19
214
191
14
19
212
190
14
19
211
191
14
19
210
191
14
19
210
191
14
19
210
192
14
19
210
192
14
19
210
194
14
19
210
193
14
19
210
193
14
19
210
192
14
19
210
192
14
19
210
192
14
19
210
192
14
19
210
192
14
19
210
192
14
19
211
193
14
19
211
193
14
19
210
193
14
19
209
192
14
19
209
192
14
19
208
192
14
19
208
192
14
19
208
192
14
19
208
192
14
19
208
192
14
19
207
192
14
19
207
192
14
19
206
192
14
19
206
192
14
19
201
199
14
19
201
199
14
19
202
198
14
19
202
198
14
19
203
198
14
19
203
198
14
19
204
198
14
19
204
198
14
19
204
198
14
19
203
198
14
19
202
198
14
19
202
198
14
19
202
198
14
19
200
199
14
19
200
199
14
19
200
199
14
19
198
199
14
19
198
199
14
19
197
199
14
19
197
199
14
19
200
199
14
19
200
199
14
19
200
199
14
19
200
199
14
19
200
198
14
19
200
199
14
19
200
199
14
19
201
198
14
19
202
198
14
19
203
198
14
19
202
199
14
19
202
199
14
19
202
199
14
19
202
199
14
19
201
200
14
19
201
200
14
19
202
200
14
19
202
200
14
19
201
200
14
19
200
200
14
19
199
199
14
19
197
199
14
19
196
199
14
19
196
199
14
19
196
199
14
19
196
199
14
19
196
200
14
19
198
199
14
19
198
199
14
19
197
199
14
19
197
199
14
19
197
199
14
19
197
200
14
19
196
200
14
19
196
200
14
19
197
200
14
19
197
200
14
19
197
200
14
19
197
200
14
19
197
200
14
19
195
201
14
19
193
202
14
19
193
202
14
19
192
202
14
19
192
202
14
19
192
202
14
19
193
202
14
19
192
202
14
19
190
203
14
19
190
203
14
19
189
204
14
19
188
204
14
19
187
205
14
19
188
205
14
19
188
205
14
19
188
205
14
19
188
205
14
19
188
205
14
19
187
205
14
19
187
205
14
19
186
205
14
19
185
205
14
19
185
205
14
19
185
204
14
19
185
204
14
19
185
204
14
19
185
204
14
19
184
204
14
19
184
204
14
19
183
204
14
19
183
203
14
19
182
204
14
19
181
204
14
19
181
204
14
19
180
204
14
19
180
204
14
19
180
204
14
19
180
204
14
19
181
205
14
19
181
205
14
19
181
206
14
19
181
206
14
19
185
205
14
19
184
206
14
19
184
205
14
19
183
205
14
19
183
205
14
19
183
205
14
19
184
204
14
19
182
203
14
19
182
203
14
19
182
202
14
19
182
202
14
19
182
202
14
19
182
202
14
19
182
202
14
19
182
202
14
19
182
202
14
19
182
201
14
19
182
201
14
19
182
201
14
19
181
202
14
19
181
202
14
19
182
202
14
19
182
203
14
19
182
204
14
19
182
204
14
19
182
203
14
19
181
202
14
19
181
201
14
19
181
201
14
19
181
201
14
19
180
201
14
19
180
201
14
19
180
201
14
19
180
201
14
19
179
200
14
19
179
200
14
19
178
201
14
19
177
200
14
19
176
200
14
19
176
200
14
19
175
201
14
19
174
206
14
19
174
206
14
19
174
205
14
19
174
205
14
19
174
204
14
19
174
204
14
19
174
203
14
19
174
203
14
19
173
203
14
19
173
203
14
19
172
204
14
19
172
204
14
19
172
204
14
19
171
204
14
19
171
204
14
19
170
203
14
19
169
202
14
19
169
202
14
19
168
203
14
19
168
203
14
19
168
203
14
19
169
203
14
19
169
203
14
19
168
203
14
19
167
202
14
19
167
202
14
19
167
202
14
19
167
203
14
19
167
200
14
19
167
200
14
19
167
200
14
19
167
200
14
19
166
200
14
19
165
200
14
19
165
200
14
19
164
200
14
19
163
200
14
19
162
200
14
19
161
202
14
19
161
202
14
19
161
202
14
19
160
209
14
19
159
209
14
19
159
210
14
19
159
210
14
19
159
210
14
19
159
208
14
19
159
208
14
19
159
209
14
19
159
209
14
19
159
209
14
19
159
208
14
19
159
208
14
19
159
208
14
19
160
208
14
19
160
209
14
19
158
210
14
19
158
210
14
19
152
212
14
19
151
212
14
19
151
211
14
19
152
211
14
19
152
211
14
19
152
211
14
19
152
211
14
19
152
211
14
19
152
211
14
19
152
211
14
19
152
211
14
19
152
211
14
19
152
211
14
19
152
211
14
19
152
212
14
19
152
211
14
19
152
211
14
19
152
210
14
19
153
210
14
19
153
211
14
19
153
211
14
19
153
211
14
19
153
211
14
19
152
212
14
19
149
211
14
19
149
211
14
19
148
211
14
19
147
211
14
19
145
211
14
19
144
211
14
19
144
211
14
19
144
210
14
19
145
210
14
19
141
207
14
19
140
207
14
19
140
207
14
19
140
208
14
19
140
209
14
19
140
209
14
19
140
209
14
19
140
209
14
19
140
209
14
19
140
209
14
19
139
209
14
19
138
210
14
19
137
210
14
19
134
210
14
19
133
210
14
19
133
210
14
19
133
209
14
19
133
209
14
19
132
209
14
19
131
209
14
19
131
209
14
19
130
209
14
19
130
209
14
19
130
209
14
19
130
209
14
19
130
210
14
19
132
209
14
19
132
209
14
19
132
209
14
19
133
209
14
19
133
209
14
19
133
209
14
19
132
210
14
19
131
209
14
19
129
209
14
19
129
209
14
19
129
210
14
19
128
210
14
19
128
210
14
19
128
210
14
19
127
209
14
19
130
208
14
19
130
209
14
19
130
209
14
19
130
210
14
19
129
210
14
19
129
210
14
19
128
210
14
19
128
210
14
19
128
210
14
19
128
210
14
19
128
210
14
19
128
210
14
19
128
210
14
19
128
210
14
19
129
210
14
19
129
211
14
19
129
211
14
19
128
210
14
19
128
210
14
19
127
210
14
19
126
211
14
19
125
212
14
19
125
212
14
19
125
212
14
19
125
212
14
19
124
211
14
19
124
210
14
19
123
210
14
19
123
210
14
19
123
210
14
19
122
210
14
19
122
207
14
19
121
207
14
19
121
206
14
19
121
207
14
19
121
207
14
19
121
207
14
19
120
206
14
19
120
207
14
19
121
208
14
19
121
208
14
19
124
215
14
19
124
214
14
19
123
214
14
19
123
214
14
19
122
213
14
19
122
214
14
19
121
214
14
19
120
214
14
19
119
214
14
19
119
213
14
19
118
213
14
19
118
210
14
19
117
209
14
19
118
210
14
19
119
211
14
19
119
211
14
19
119
211
14
19
120
210
14
19
119
210
14
19
119
210
14
19
118
210
14
19
117
210
14
19
116
210
14
19
116
210
14
19
116
210
14
19
115
208
14
19
115
208
14
19
115
209
14
19
115
209
14
19
115
209
14
19
114
210
14
19
114
210
14
19
113
210
14
19
113
210
14
19
112
211
14
19
111
211
14
19
111
211
14
19
111
211
14
19
111
211
14
19
111
211
14
19
112
211
14
19
114
215
14
19
114
215
14
19
113
215
14
19
112
215
14
19
111
215
14
19
110
215
14
19
110
215
14
19
110
215
14
19
109
216
14
19
109
216
14
19
109
216
14
19
109
216
14
19
109
216
14
19
109
216
14
19
108
216
14
19
108
216
14
19
108
216
14
19
107
216
14
19
106
217
14
19
106
217
14
19
106
217
14
19
105
217
14
19
105
217
14
19
105
217
14
19
105
217
14
19
106
217
14
19
105
217
14
19
105
217
14
19
104
217
14
19
102
219
14
19
102
219
14
19
102
217
14
19
101
217
14
19
102
217
14
19
101
217
14
19
101
217
14
19
101
217
14
19
99
217
14
19
99
217
14
19
99
217
14
19
98
217
14
19
98
216
14
19
97
217
14
19
97
217
14
19
95
217
14
19
94
217
14
19
94
217
14
19
95
216
14
19
95
217
14
19
95
217
14
19
95
217
14
19
95
217
14
19
95
217
14
19
94
218
14
19
94
218
14
19
92
218
14
19
92
218
14
19
90
218
14
19
91
218
14
19
89
218
14
19
87
218
14
19
86
217
14
19
85
217
14
19
84
217
14
19
84
217
14
19
84
217
14
19
84
217
14
19
84
217
14
19
84
217
14
19
83
217
14
19
83
217
14
19
85
217
14
19
85
217
14
19
85
217
14
19
85
216
14
19
83
216
14
19
81
216
14
19
81
217
14
19
80
217
14
19
80
217
14
19
79
217
14
19
80
217
14
19
82
218
14
19
82
218
14
19
81
218
14
19
80
219
14
19
79
219
14
19
79
219
14
19
77
219
14
19
77
219
14
19
76
218
14
19
75
217
14
19
74
217
14
19
74
217
14
19
72
217
14
19
74
219
14
19
72
219
14
19
73
219
14
19
73
219
14
19
77
218
14
19
77
218
14
19
76
217
14
19
76
217
14
19
75
217
14
19
75
217
14
19
74
217
14
19
73
216
14
19
72
216
14
19
71
217
14
19
70
217
14
19
70
217
14
19
70
217
14
19
70
217
14
19
70
217
14
19
69
217
14
19
69
217
14
19
70
216
14
19
70
216
14
19
71
216
14
19
71
216
14
19
71
216
14
19
72
216
14
19
73
216
14
19
72
215
14
19
71
215
14
19
69
215
14
19
68
215
14
19
67
215
14
19
67
215
14
19
67
215
14
19
67
215
14
19
64
215
14
19
63
215
14
19
62
215
14
19
61
215
14
19
61
215
14
19
61
215
14
19
61
215
14
19
66
215
14
19
66
215
14
19
66
216
14
19
66
216
14
19
66
216
14
19
66
216
14
19
65
216
14
19
65
216
14
19
64
216
14
19
64
215
14
19
63
214
14
19
63
214
14
19
63
214
14
19
62
214
14
19
60
214
14
19
59
214
14
19
59
214
14
19
58
214
14
19
58
214
14
19
58
214
14
19
58
214
14
19
58
214
14
19
58
214
14
19
58
214
14
19
57
215
14
19
56
214
14
19
56
214
14
19
56
214
14
19
56
213
14
19
57
213
14
19
56
215
14
19
54
215
14
19
54
214
14
19
53
214
14
19
53
214
14
19
52
214
14
19
51
214
14
19
50
214
14
19
50
214
14
19
50
214
14
19
50
214
14
19
50
213
14
19
50
213
14
19
49
213
14
19
48
213
14
19
47
213
14
19
47
213
14
19
47
213
14
19
47
213
14
19
47
213
14
19
49
214
14
19
48
214
14
19
48
214
14
19
47
213
14
19
46
213
14
19
45
213
14
19
46
212
14
19
46
212
14
19
45
211
14
19
43
211
14
19
42
211
14
19
42
211
14
19
41
210
14
19
41
210
14
19
41
210
14
19
39
210
14
19
38
210
14
19
37
210
14
19
36
210
14
19
36
210
14
19
36
209
14
19
37
208
14
19
37
208
14
19
37
207
14
19
37
207
14
19
37
208
14
19
37
208
14
19
37
208
14
19
36
207
14
19
35
207
14
19
35
207
14
19
35
206
14
19
32
209
14
19
32
209
14
19
31
209
14
19
30
209
14
19
28
209
14
19
27
209
14
19
26
209
14
19
26
209
14
19
26
209
14
19
25
209
14
19
24
209
14
19
24
209
14
19
23
209
14
19
24
211
14
19
24
210
14
19
24
210
14
19
23
210
14
19
22
210
14
19
23
210
14
19
23
209
14
19
24
209
14
19
22
209
14
19
21
209
14
19
20
209
14
19
21
209
14
19
20
209
14
19
20
208
14
19
19
208
14
19
18
208
14
19
17
208
14
19
17
208
14
19
17
208
14
19
17
208
14
19
18
208
14
19
18
208
14
19
18
208
14
19
18
208
14
19
17
209
14
19
17
209
14
19
16
209
14
19
16
209
14
19
17
209
14
19
17
209
14
19
16
209
14
19
16
209
14
19
15
209
14
19
15
209
14
19
15
209
14
19
13
209
14
19
13
209
14
19
12
208
14
19
12
208
14
19
11
208
14
19
11
208
14
19
11
208
14
19
11
208
14
19
10
208
14
19
11
208
14
19
12
208
14
19
12
209
14
19
12
209
14
19
11
209
14
19
10
208
14
19
8
208
14
19
8
208
14
19
8
208
14
19
8
208
14
19
9
208
14
19
9
209
14
19
8
209
14
19
7
209
14
19
6
209
14
19
5
210
14
19
4
210
14
19
3
210
14
19
2
210
14
19
1
210
14
19
0
211
14
19
0
211
14
19
0
211
14
19
0
211
14
19
0
211
14
19
0
210
14
19
0
209
14
19
0
210
14
19
0
210
14
19
0
210
14
19
0
210
14
19
0
210
14
19
0
209
14
19
0
209
14
19
0
209
14
19
0
209
14
19
0
209
14
19
0
209
14
19
