103
1201
490
203
14
19
489
203
14
19
489
203
14
19
489
203
14
19
490
202
14
19
490
202
14
19
491
203
14
19
492
203
14
19
493
204
14
19
493
204
14
19
494
204
14
19
494
204
14
19
494
204
14
19
495
204
14
19
495
204
14
19
498
205
14
19
498
206
14
19
498
206
14
19
497
206
14
19
497
206
14
19
497
206
14
19
496
206
14
19
496
206
14
19
496
206
14
19
495
208
14
19
495
208
14
19
495
208
14
19
495
210
14
19
496
210
14
19
497
209
14
19
498
210
14
19
499
210
14
19
499
210
14
19
502
209
14
19
503
209
14
19
504
209
14
19
504
209
14
19
505
209
14
19
506
209
14
19
506
209
14
19
505
209
14
19
505
209
14
19
503
208
14
19
502
208
14
19
501
208
14
19
501
208
14
19
501
209
14
19
501
210
14
19
501
211
14
19
502
211
14
19
502
211
14
19
502
211
14
19
502
211
14
19
502
211
14
19
502
212
14
19
504
212
14
19
504
212
14
19
506
213
14
19
506
213
14
19
507
213
14
19
507
213
14
19
507
214
14
19
506
213
14
19
506
215
14
19
506
215
14
19
506
215
14
19
506
215
14
19
506
215
14
19
507
215
14
19
507
215
14
19
506
215
14
19
506
215
14
19
506
216
14
19
506
216
14
19
506
216
14
19
506
216
14
19
506
216
14
19
507
216
14
19
508
215
14
19
508
216
14
19
508
216
14
19
508
217
14
19
508
217
14
19
507
217
14
19
507
216
14
19
507
216
14
19
507
217
14
19
507
217
14
19
507
217
14
19
507
218
14
19
507
218
14
19
507
218
14
19
507
218
14
19
506
218
14
19
506
218
14
19
506
219
14
19
505
218
14
19
505
218
14
19
505
218
14
19
506
218
14
19
506
219
14
19
507
219
14
19
507
220
14
19
507
220
14
19
508
219
14
19
508
219
14
19
509
218
14
19
509
218
14
19
509
219
14
19
509
219
14
19
510
217
14
19
509
217
14
19
509
217
14
19
509
217
14
19
509
218
14
19
509
218
14
19
509
218
14
19
509
218
14
19
509
218
14
19
509
219
14
19
509
219
14
19
509
219
14
19
509
219
14
19
509
219
14
19
510
219
14
19
511
219
14
19
511
220
14
19
511
221
14
19
511
222
14
19
511
221
14
19
510
221
14
19
510
220
14
19
510
221
14
19
510
221
14
19
509
221
14
19
509
221
14
19
509
221
14
19
509
225
14
19
509
224
14
19
509
224
14
19
508
225
14
19
507
225
14
19
507
225
14
19
507
225
14
19
507
225
14
19
507
225
14
19
508
225
14
19
509
224
14
19
509
224
14
19
509
224
14
19
509
225
14
19
509
225
14
19
508
227
14
19
508
227
14
19
508
227
14
19
508
227
14
19
508
227
14
19
508
227
14
19
508
227
14
19
508
227
14
19
507
226
14
19
507
225
14
19
507
225
14
19
507
225
14
19
507
226
14
19
507
226
14
19
508
228
14
19
507
229
14
19
507
229
14
19
507
228
14
19
506
228
14
19
506
228
14
19
506
229
14
19
506
229
14
19
506
230
14
19
506
230
14
19
506
230
14
19
505
231
14
19
506
231
14
19
505
231
14
19
505
231
14
19
504
231
14
19
504
231
14
19
504
231
14
19
504
232
14
19
504
232
14
19
504
232
14
19
503
233
14
19
503
232
14
19
502
232
14
19
502
232
14
19
502
232
14
19
502
232
14
19
502
232
14
19
502
232
14
19
502
232
14
19
502
231
14
19
501
231
14
19
501
231
14
19
502
232
14
19
502
232
14
19
501
234
14
19
500
234
14
19
499
235
14
19
498
235
14
19
498
234
14
19
498
236
14
19
498
236
14
19
498
236
14
19
498
236
14
19
498
237
14
19
497
237
14
19
497
237
14
19
496
237
14
19
495
238
14
19
495
238
14
19
495
238
14
19
495
238
14
19
495
238
14
19
498
238
14
19
498
236
14
19
499
236
14
19
500
234
14
19
500
234
14
19
500
234
14
19
499
234
14
19
499
234
14
19
499
234
14
19
498
234
14
19
498
233
14
19
497
233
14
19
496
233
14
19
495
233
14
19
492
239
14
19
492
240
14
19
493
240
14
19
493
240
14
19
493
240
14
19
493
240
14
19
493
241
14
19
494
241
14
19
493
241
14
19
493
241
14
19
493
241
14
19
493
241
14
19
493
239
14
19
493
239
14
19
493
239
14
19
493
239
14
19
492
239
14
19
492
239
14
19
492
239
14
19
492
238
14
19
492
240
14
19
491
240
14
19
490
240
14
19
490
240
14
19
489
239
14
19
489
239
14
19
489
239
14
19
489
240
14
19
489
241
14
19
490
241
14
19
490
241
14
19
491
240
14
19
492
239
14
19
492
238
14
19
492
238
14
19
492
237
14
19
491
236
14
19
490
235
14
19
489
237
14
19
489
237
14
19
489
236
14
19
489
242
14
19
489
242
14
19
488
242
14
19
488
242
14
19
488
242
14
19
489
242
14
19
488
243
14
19
488
243
14
19
488
243
14
19
488
243
14
19
488
243
14
19
488
243
14
19
488
243
14
19
488
242
14
19
489
241
14
19
489
241
14
19
486
242
14
19
486
242
14
19
486
242
14
19
486
242
14
19
486
241
14
19
486
240
14
19
485
240
14
19
484
240
14
19
484
240
14
19
484
240
14
19
484
240
14
19
483
240
14
19
482
239
14
19
482
239
14
19
482
239
14
19
482
239
14
19
483
241
14
19
482
241
14
19
482
241
14
19
482
241
14
19
482
240
14
19
482
241
14
19
482
241
14
19
483
241
14
19
482
241
14
19
482
243
14
19
482
244
14
19
482
244
14
19
482
244
14
19
482
242
14
19
481
241
14
19
480
241
14
19
479
241
14
19
479
241
14
19
479
241
14
19
478
240
14
19
475
246
14
19
475
246
14
19
475
246
14
19
475
246
14
19
475
246
14
19
475
246
14
19
475
247
14
19
476
247
14
19
476
247
14
19
477
247
14
19
476
247
14
19
476
246
14
19
476
248
14
19
476
248
14
19
476
249
14
19
476
248
14
19
476
248
14
19
476
248
14
19
476
248
14
19
476
249
14
19
476
250
14
19
476
250
14
19
475
251
14
19
475
251
14
19
474
251
14
19
473
251
14
19
472
251
14
19
472
251
14
19
473
251
14
19
473
251
14
19
473
251
14
19
474
250
14
19
474
251
14
19
475
251
14
19
475
251
14
19
474
251
14
19
474
249
14
19
473
249
14
19
473
249
14
19
473
249
14
19
468
251
14
19
467
252
14
19
467
252
14
19
467
252
14
19
466
252
14
19
466
252
14
19
466
252
14
19
465
252
14
19
466
252
14
19
465
252
14
19
465
249
14
19
464
255
14
19
464
255
14
19
464
255
14
19
463
256
14
19
463
256
14
19
463
256
14
19
463
256
14
19
464
256
14
19
463
257
14
19
462
256
14
19
460
258
14
19
459
260
14
19
463
256
14
19
463
255
14
19
462
255
14
19
462
255
14
19
462
255
14
19
462
255
14
19
461
256
14
19
460
256
14
19
460
256
14
19
460
256
14
19
460
256
14
19
460
257
14
19
460
257
14
19
460
257
14
19
458
258
14
19
458
258
14
19
457
258
14
19
458
257
14
19
459
257
14
19
458
257
14
19
458
257
14
19
457
257
14
19
457
256
14
19
457
257
14
19
456
256
14
19
456
255
14
19
453
256
14
19
452
256
14
19
451
257
14
19
451
257
14
19
450
257
14
19
449
255
14
19
448
253
14
19
447
253
14
19
447
253
14
19
447
253
14
19
447
254
14
19
447
254
14
19
447
253
14
19
447
253
14
19
448
253
14
19
448
253
14
19
448
253
14
19
448
253
14
19
447
251
14
19
446
251
14
19
445
251
14
19
444
257
14
19
444
256
14
19
443
256
14
19
443
256
14
19
443
256
14
19
443
256
14
19
443
256
14
19
443
254
14
19
443
255
14
19
439
260
14
19
439
260
14
19
438
259
14
19
438
259
14
19
438
257
14
19
438
256
14
19
438
256
14
19
434
261
14
19
434
263
14
19
434
265
14
19
434
265
14
19
435
264
14
19
435
264
14
19
435
264
14
19
434
264
14
19
434
263
14
19
433
263
14
19
432
263
14
19
431
263
14
19
430
263
14
19
430
262
14
19
428
262
14
19
428
262
14
19
428
262
14
19
428
263
14
19
428
263
14
19
428
263
14
19
428
263
14
19
427
263
14
19
422
263
14
19
422
263
14
19
422
263
14
19
422
263
14
19
422
263
14
19
422
263
14
19
423
263
14
19
423
264
14
19
422
264
14
19
422
264
14
19
419
264
14
19
418
264
14
19
417
264
14
19
416
263
14
19
416
263
14
19
415
263
14
19
412
263
14
19
413
263
14
19
412
264
14
19
411
264
14
19
411
264
14
19
411
264
14
19
411
264
14
19
411
263
14
19
411
264
14
19
411
265
14
19
411
265
14
19
411
264
14
19
411
264
14
19
409
264
14
19
409
263
14
19
408
263
14
19
407
263
14
19
406
263
14
19
405
263
14
19
405
263
14
19
404
263
14
19
402
263
14
19
401
263
14
19
401
263
14
19
400
263
14
19
401
267
14
19
401
267
14
19
401
268
14
19
401
268
14
19
401
268
14
19
401
268
14
19
399
269
14
19
399
268
14
19
399
268
14
19
399
268
14
19
400
267
14
19
400
267
14
19
400
267
14
19
399
267
14
19
399
267
14
19
398
267
14
19
398
267
14
19
396
267
14
19
395
267
14
19
394
267
14
19
394
265
14
19
394
267
14
19
394
267
14
19
394
266
14
19
394
266
14
19
393
266
14
19
392
266
14
19
391
267
14
19
391
267
14
19
391
267
14
19
390
268
14
19
391
267
14
19
392
266
14
19
392
266
14
19
391
266
14
19
390
265
14
19
390
265
14
19
389
265
14
19
389
265
14
19
389
265
14
19
388
266
14
19
383
270
14
19
382
270
14
19
382
268
14
19
381
268
14
19
381
268
14
19
381
269
14
19
380
269
14
19
379
269
14
19
378
269
14
19
377
269
14
19
377
269
14
19
377
269
14
19
378
269
14
19
378
269
14
19
378
268
14
19
377
268
14
19
377
268
14
19
377
268
14
19
376
269
14
19
376
268
14
19
375
269
14
19
375
269
14
19
375
269
14
19
375
269
14
19
375
267
14
19
374
267
14
19
373
267
14
19
371
267
14
19
369
267
14
19
368
267
14
19
368
266
14
19
368
266
14
19
367
265
14
19
366
266
14
19
366
266
14
19
366
266
14
19
366
267
14
19
366
267
14
19
366
266
14
19
365
266
14
19
365
264
14
19
363
268
14
19
363
268
14
19
363
268
14
19
361
269
14
19
360
269
14
19
359
269
14
19
359
269
14
19
358
269
14
19
357
269
14
19
356
269
14
19
354
269
14
19
353
268
14
19
353
268
14
19
353
269
14
19
353
269
14
19
353
270
14
19
353
269
14
19
353
269
14
19
354
269
14
19
353
269
14
19
353
269
14
19
352
269
14
19
351
270
14
19
351
270
14
19
350
270
14
19
349
270
14
19
348
270
14
19
347
270
14
19
346
270
14
19
347
268
14
19
345
270
14
19
344
270
14
19
343
270
14
19
343
264
14
19
341
265
14
19
341
266
14
19
341
265
14
19
341
265
14
19
340
265
14
19
341
265
14
19
341
265
14
19
341
265
14
19
341
266
14
19
340
266
14
19
339
266
14
19
337
264
14
19
336
264
14
19
336
264
14
19
336
264
14
19
336
264
14
19
336
264
14
19
336
264
14
19
334
265
14
19
333
265
14
19
332
265
14
19
331
265
14
19
330
265
14
19
330
265
14
19
329
265
14
19
327
265
14
19
326
265
14
19
326
265
14
19
326
265
14
19
326
265
14
19
327
265
14
19
327
265
14
19
327
265
14
19
327
265
14
19
327
265
14
19
327
265
14
19
325
265
14
19
324
264
14
19
324
264
14
19
323
264
14
19
324
266
14
19
323
266
14
19
323
265
14
19
322
265
14
19
321
265
14
19
319
265
14
19
319
264
14
19
318
264
14
19
317
264
14
19
317
263
14
19
317
263
14
19
318
262
14
19
317
262
14
19
317
262
14
19
318
262
14
19
319
262
14
19
319
261
14
19
319
262
14
19
319
263
14
19
319
263
14
19
318
262
14
19
317
261
14
19
315
260
14
19
315
260
14
19
314
260
14
19
313
259
14
19
313
258
14
19
313
258
14
19
313
256
14
19
313
256
14
19
313
256
14
19
312
254
14
19
311
256
14
19
311
256
14
19
309
256
14
19
309
256
14
19
309
257
14
19
309
258
14
19
308
258
14
19
308
258
14
19
308
258
14
19
306
260
14
19
306
260
14
19
305
260
14
19
305
260
14
19
304
260
14
19
303
260
14
19
302
259
14
19
302
259
14
19
301
259
14
19
300
259
14
19
300
259
14
19
301
259
14
19
302
257
14
19
301
257
14
19
301
257
14
19
301
257
14
19
300
256
14
19
300
255
14
19
300
255
14
19
299
256
14
19
298
256
14
19
298
256
14
19
300
255
14
19
300
256
14
19
300
256
14
19
300
255
14
19
299
255
14
19
297
255
14
19
297
255
14
19
296
255
14
19
294
255
14
19
293
255
14
19
293
254
14
19
294
253
14
19
293
253
14
19
293
253
14
19
293
253
14
19
293
253
14
19
292
253
14
19
292
252
14
19
287
252
14
19
287
252
14
19
287
252
14
19
287
251
14
19
286
251
14
19
287
250
14
19
287
250
14
19
287
250
14
19
287
249
14
19
286
249
14
19
287
248
14
19
286
248
14
19
286
247
14
19
286
246
14
19
286
246
14
19
286
245
14
19
286
246
14
19
286
246
14
19
286
244
14
19
286
244
14
19
285
244
14
19
284
244
14
19
283
244
14
19
282
244
14
19
281
244
14
19
280
244
14
19
279
244
14
19
280
243
14
19
281
242
14
19
280
242
14
19
281
240
14
19
281
240
14
19
281
240
14
19
281
240
14
19
281
241
14
19
280
241
14
19
282
244
14
19
281
244
14
19
280
242
14
19
279
242
14
19
279
242
14
19
279
242
14
19
276
241
14
19
277
241
14
19
276
242
14
19
277
241
14
19
278
240
14
19
278
240
14
19
277
239
14
19
276
240
14
19
276
239
14
19
277
238
14
19
277
237
14
19
277
237
14
19
278
235
14
19
278
235
14
19
277
235
14
19
276
235
14
19
275
235
14
19
274
235
14
19
273
235
14
19
272
235
14
19
272
235
14
19
271
235
14
19
271
235
14
19
271
236
14
19
271
235
14
19
271
235
14
19
271
235
14
19
271
235
14
19
270
234
14
19
269
234
14
19
270
234
14
19
269
234
14
19
268
234
14
19
268
234
14
19
269
233
14
19
269
233
14
19
270
232
14
19
270
232
14
19
270
232
14
19
269
232
14
19
268
232
14
19
268
232
14
19
267
232
14
19
266
232
14
19
266
232
14
19
265
232
14
19
265
231
14
19
264
230
14
19
264
230
14
19
264
229
14
19
264
229
14
19
263
229
14
19
263
229
14
19
262
229
14
19
263
228
14
19
263
228
14
19
263
227
14
19
263
226
14
19
263
225
14
19
263
224
14
19
263
224
14
19
263
224
14
19
263
224
14
19
263
224
14
19
265
232
14
19
265
232
14
19
264
232
14
19
264
232
14
19
264
232
14
19
264
232
14
19
264
232
14
19
264
232
14
19
264
232
14
19
264
226
14
19
263
226
14
19
263
226
14
19
264
226
14
19
263
226
14
19
263
226
14
19
263
226
14
19
263
226
14
19
263
226
14
19
263
227
14
19
263
227
14
19
263
227
14
19
263
227
14
19
263
226
14
19
263
225
14
19
264
225
14
19
264
225
14
19
264
225
14
19
264
225
14
19
264
225
14
19
263
225
14
19
263
225
14
19
262
225
14
19
263
222
14
19
263
223
14
19
263
223
14
19
263
223
14
19
264
222
14
19
264
221
14
19
265
221
14
19
266
220
14
19
267
220
14
19
268
220
14
19
268
220
14
19
268
220
14
19
269
219
14
19
268
219
14
19
268
219
14
19
268
219
14
19
267
219
14
19
267
219
14
19
267
219
14
19
267
218
14
19
266
217
14
19
264
216
14
19
264
216
14
19
265
216
14
19
266
217
14
19
266
217
14
19
265
217
14
19
270
213
14
19
271
213
14
19
271
211
14
19
271
210
14
19
271
209
14
19
271
210
14
19
271
210
14
19
272
209
14
19
272
209
14
19
272
209
14
19
272
208
14
19
272
207
14
19
272
207
14
19
272
207
14
19
271
207
14
19
270
206
14
19
270
206
14
19
270
206
14
19
269
206
14
19
270
206
14
19
270
206
14
19
271
206
14
19
271
206
14
19
271
206
14
19
271
206
14
19
271
206
14
19
271
206
14
19
271
206
14
19
272
205
14
19
273
204
14
19
272
205
14
19
272
205
14
19
274
203
14
19
274
203
14
19
274
203
14
19
274
203
14
19
276
207
14
19
276
206
14
19
276
206
14
19
276
206
14
19
276
206
14
19
276
208
14
19
276
208
14
19
277
209
14
19
277
208
14
19
277
207
14
19
277
206
14
19
277
206
14
19
278
205
14
19
278
205
14
19
278
205
14
19
278
205
14
19
278
205
14
19
278
205
14
19
279
205
14
19
280
205
14
19
281
205
14
19
281
205
14
19
281
204
14
19
281
204
14
19
280
205
14
19
279
205
14
19
278
204
14
19
276
201
14
19
276
201
14
19
276
201
14
19
276
201
14
19
277
200
14
19
279
200
14
19
279
200
14
19
280
200
14
19
280
200
14
19
281
200
14
19
281
200
14
19
281
200
14
19
281
200
14
19
281
200
14
19
281
199
14
19
281
199
14
19
282
200
14
19
282
200
14
19
283
200
14
19
283
198
14
19
283
197
14
19
283
197
14
19
283
195
14
19
282
194
14
19
282
194
14
19
281
194
14
19
281
194
14
19
281
194
14
19
282
192
14
19
283
192
14
19
284
192
14
19
285
192
14
19
286
192
14
19
286
192
14
19
286
193
14
19
287
193
14
19
288
193
14
19
288
193
14
19
288
193
14
19
288
193
14
19
288
193
14
19
288
194
14
19
288
194
14
19
288
195
14
19
288
194
14
19
288
193
14
19
287
193
14
19
287
193
14
19
286
192
14
19
286
192
14
19
285
191
14
19
285
191
14
19
285
191
14
19
287
190
14
19
289
188
14
19
291
188
14
19
293
187
14
19
294
187
14
19
295
187
14
19
295
187
14
19
294
189
14
19
293
188
14
19
293
189
14
19
293
189
14
19
293
189
14
19
293
189
14
19
294
191
14
19
294
189
14
19
294
187
14
19
294
187
14
19
294
187
14
19
294
185
14
19
294
185
14
19
294
186
14
19
294
186
14
19
295
187
14
19
296
187
14
19
297
186
14
19
298
186
14
19
298
186
14
19
298
186
14
19
299
186
14
19
299
186
14
19
299
186
14
19
300
186
14
19
300
185
14
19
300
185
14
19
300
185
14
19
299
183
14
19
301
183
14
19
302
181
14
19
303
180
14
19
303
180
14
19
304
180
14
19
304
180
14
19
304
180
14
19
305
181
14
19
305
181
14
19
305
182
14
19
305
182
14
19
306
182
14
19
308
180
14
19
309
180
14
19
310
180
14
19
310
180
14
19
311
180
14
19
312
180
14
19
313
179
14
19
315
178
14
19
316
178
14
19
317
177
14
19
317
177
14
19
318
177
14
19
318
177
14
19
318
177
14
19
318
176
14
19
318
178
14
19
318
178
14
19
318
178
14
19
319
178
14
19
318
180
14
19
318
180
14
19
318
180
14
19
318
182
14
19
319
182
14
19
319
183
14
19
320
183
14
19
321
184
14
19
321
184
14
19
323
184
14
19
324
183
14
19
326
183
14
19
326
183
14
19
326
181
14
19
326
181
14
19
326
181
14
19
326
179
14
19
327
180
14
19
328
179
14
19
328
179
14
19
328
179
14
19
329
180
14
19
328
182
14
19
329
181
14
19
329
181
14
19
329
181
14
19
329
181
14
19
330
181
14
19
331
180
14
19
333
179
14
19
333
178
14
19
335
178
14
19
336
178
14
19
337
177
14
19
337
177
14
19
338
177
14
19
338
177
14
19
339
177
14
19
339
176
14
19
340
174
14
19
342
174
14
19
343
174
14
19
344
173
14
19
344
173
14
19
345
173
14
19
345
174
14
19
345
174
14
19
345
173
14
19
345
172
14
19
345
172
14
19
344
172
14
19
344
172
14
19
345
173
14
19
345
173
14
19
345
173
14
19
344
173
14
19
344
173
14
19
348
174
14
19
349
174
14
19
349
174
14
19
350
175
14
19
350
175
14
19
351
175
14
19
351
175
14
19
351
177
14
19
351
177
14
19
351
177
14
19
354
178
14
19
354
178
14
19
353
178
14
19
353
178
14
19
352
177
14
19
351
177
14
19
350
177
14
19
349
177
14
19
348
177
14
19
346
177
14
19
345
177
14
19
344
177
14
19
344
177
14
19
344
177
14
19
343
177
14
19
342
177
14
19
342
177
14
19
341
177
14
19
342
177
14
19
342
177
14
19
342
177
14
19
342
177
14
19
343
178
14
19
343
178
14
19
343
178
14
19
343
179
14
19
343
179
14
19
342
179
14
19
341
179
14
19
340
179
14
19
339
179
14
19
339
179
14
19
339
178
14
19
339
177
14
19
