103
252
539
186
14
19
537
190
14
19
537
190
14
19
537
190
14
19
537
189
14
19
537
189
14
19
538
189
14
19
538
189
14
19
539
189
14
19
538
189
14
19
538
188
14
19
537
187
14
19
538
187
14
19
538
188
14
19
536
188
14
19
537
189
14
19
536
189
14
19
536
189
14
19
534
188
14
19
534
188
14
19
534
188
14
19
533
188
14
19
533
188
14
19
532
189
14
19
532
190
14
19
532
190
14
19
532
189
14
19
532
190
14
19
533
190
14
19
533
189
14
19
535
190
14
19
536
190
14
19
535
190
14
19
534
190
14
19
534
190
14
19
534
190
14
19
534
190
14
19
534
190
14
19
534
190
14
19
534
190
14
19
533
190
14
19
532
190
14
19
532
190
14
19
530
189
14
19
530
189
14
19
530
189
14
19
530
189
14
19
531
189
14
19
531
189
14
19
531
189
14
19
532
189
14
19
532
188
14
19
533
187
14
19
533
187
14
19
533
187
14
19
527
195
14
19
528
195
14
19
529
196
14
19
529
195
14
19
529
195
14
19
529
195
14
19
530
195
14
19
528
195
14
19
528
195
14
19
528
195
14
19
527
195
14
19
526
195
14
19
527
195
14
19
527
195
14
19
527
194
14
19
526
194
14
19
526
194
14
19
526
195
14
19
526
195
14
19
526
195
14
19
527
195
14
19
527
195
14
19
527
195
14
19
527
194
14
19
528
194
14
19
528
194
14
19
529
194
14
19
528
194
14
19
527
194
14
19
526
193
14
19
527
192
14
19
527
192
14
19
527
192
14
19
527
192
14
19
527
192
14
19
526
192
14
19
526
192
14
19
526
191
14
19
526
191
14
19
525
190
14
19
526
189
14
19
522
196
14
19
521
198
14
19
521
198
14
19
522
198
14
19
522
199
14
19
523
199
14
19
524
199
14
19
524
199
14
19
524
199
14
19
523
200
14
19
524
200
14
19
523
200
14
19
523
201
14
19
522
201
14
19
523
200
14
19
522
200
14
19
522
200
14
19
521
200
14
19
521
200
14
19
521
200
14
19
521
200
14
19
521
200
14
19
521
200
14
19
521
200
14
19
521
200
14
19
521
200
14
19
521
200
14
19
521
201
14
19
522
201
14
19
523
201
14
19
523
201
14
19
523
201
14
19
523
201
14
19
523
201
14
19
522
201
14
19
522
201
14
19
523
200
14
19
522
200
14
19
521
200
14
19
521
201
14
19
521
201
14
19
521
201
14
19
520
200
14
19
521
201
14
19
521
201
14
19
521
200
14
19
521
200
14
19
521
200
14
19
521
200
14
19
521
200
14
19
521
200
14
19
522
199
14
19
522
199
14
19
523
198
14
19
523
199
14
19
523
199
14
19
522
200
14
19
522
200
14
19
522
200
14
19
522
200
14
19
522
200
14
19
522
200
14
19
522
200
14
19
522
200
14
19
521
199
14
19
521
198
14
19
521
197
14
19
521
197
14
19
521
198
14
19
521
199
14
19
522
200
14
19
521
200
14
19
520
205
14
19
519
204
14
19
518
204
14
19
518
204
14
19
518
204
14
19
518
204
14
19
518
204
14
19
519
204
14
19
519
205
14
19
519
205
14
19
518
204
14
19
517
204
14
19
516
204
14
19
516
204
14
19
515
204
14
19
514
204
14
19
514
204
14
19
514
204
14
19
514
204
14
19
513
204
14
19
513
205
14
19
513
205
14
19
512
205
14
19
512
205
14
19
512
205
14
19
512
205
14
19
512
205
14
19
512
205
14
19
512
205
14
19
511
206
14
19
511
206
14
19
511
206
14
19
511
207
14
19
510
207
14
19
508
203
14
19
507
203
14
19
507
202
14
19
507
201
14
19
508
201
14
19
508
201
14
19
508
201
14
19
508
201
14
19
508
201
14
19
504
200
14
19
505
200
14
19
504
200
14
19
503
200
14
19
503
200
14
19
503
200
14
19
503
200
14
19
503
200
14
19
503
200
14
19
504
198
14
19
505
197
14
19
506
197
14
19
506
198
14
19
506
198
14
19
506
198
14
19
506
198
14
19
506
198
14
19
506
197
14
19
505
197
14
19
504
197
14
19
503
197
14
19
502
196
14
19
502
196
14
19
502
196
14
19
503
196
14
19
504
196
14
19
504
196
14
19
505
196
14
19
505
197
14
19
506
197
14
19
506
197
14
19
506
197
14
19
506
197
14
19
507
197
14
19
507
197
14
19
507
197
14
19
507
198
14
19
507
198
14
19
507
198
14
19
507
198
14
19
507
198
14
19
