103
278
515
175
14
19
513
175
14
19
513
175
14
19
513
175
14
19
513
174
14
19
513
174
14
19
515
174
14
19
514
174
14
19
514
175
14
19
515
176
14
19
517
176
14
19
516
175
14
19
518
175
14
19
520
176
14
19
513
173
14
19
513
174
14
19
513
174
14
19
513
174
14
19
513
173
14
19
513
173
14
19
513
173
14
19
512
173
14
19
511
173
14
19
511
173
14
19
504
172
14
19
504
172
14
19
503
171
14
19
503
172
14
19
503
172
14
19
504
171
14
19
504
171
14
19
504
171
14
19
504
171
14
19
504
171
14
19
504
171
14
19
504
171
14
19
503
172
14
19
503
172
14
19
503
172
14
19
503
172
14
19
502
172
14
19
501
172
14
19
499
172
14
19
497
172
14
19
496
172
14
19
496
168
14
19
496
168
14
19
497
168
14
19
497
168
14
19
497
168
14
19
498
167
14
19
493
167
14
19
493
167
14
19
493
167
14
19
493
167
14
19
492
167
14
19
492
167
14
19
493
168
14
19
493
168
14
19
493
168
14
19
493
168
14
19
494
168
14
19
492
168
14
19
492
168
14
19
492
168
14
19
492
168
14
19
492
168
14
19
492
168
14
19
492
168
14
19
492
168
14
19
491
167
14
19
490
168
14
19
490
169
14
19
490
169
14
19
482
167
14
19
482
167
14
19
482
167
14
19
482
167
14
19
483
167
14
19
483
167
14
19
483
167
14
19
483
167
14
19
482
167
14
19
481
166
14
19
480
165
14
19
480
163
14
19
480
163
14
19
479
163
14
19
479
163
14
19
479
163
14
19
478
165
14
19
478
165
14
19
477
164
14
19
476
163
14
19
476
162
14
19
476
161
14
19
475
160
14
19
474
160
14
19
474
160
14
19
474
161
14
19
474
162
14
19
474
161
14
19
474
161
14
19
474
162
14
19
474
161
14
19
473
161
14
19
474
160
14
19
469
165
14
19
469
166
14
19
468
166
14
19
468
166
14
19
466
166
14
19
465
166
14
19
464
166
14
19
464
167
14
19
464
167
14
19
464
167
14
19
464
167
14
19
464
167
14
19
464
167
14
19
464
167
14
19
464
167
14
19
463
168
14
19
462
168
14
19
462
168
14
19
463
168
14
19
463
168
14
19
463
169
14
19
463
169
14
19
463
167
14
19
461
167
14
19
461
166
14
19
461
166
14
19
460
166
14
19
459
166
14
19
459
167
14
19
458
166
14
19
458
166
14
19
457
165
14
19
457
165
14
19
456
165
14
19
455
165
14
19
454
165
14
19
455
164
14
19
454
165
14
19
454
165
14
19
454
165
14
19
452
160
14
19
452
160
14
19
452
160
14
19
452
160
14
19
451
160
14
19
450
160
14
19
449
160
14
19
449
160
14
19
448
160
14
19
448
160
14
19
448
160
14
19
447
160
14
19
446
160
14
19
445
160
14
19
444
159
14
19
444
157
14
19
443
157
14
19
443
158
14
19
443
158
14
19
444
160
14
19
443
160
14
19
442
160
14
19
441
159
14
19
440
159
14
19
440
159
14
19
440
159
14
19
440
162
14
19
440
162
14
19
440
162
14
19
440
161
14
19
439
161
14
19
438
160
14
19
437
160
14
19
437
159
14
19
436
158
14
19
435
158
14
19
434
158
14
19
434
158
14
19
434
158
14
19
434
158
14
19
433
158
14
19
433
158
14
19
432
158
14
19
430
161
14
19
430
161
14
19
430
161
14
19
429
161
14
19
429
160
14
19
429
159
14
19
429
158
14
19
428
158
14
19
428
158
14
19
428
158
14
19
428
158
14
19
427
159
14
19
426
159
14
19
425
159
14
19
424
158
14
19
424
158
14
19
424
158
14
19
424
157
14
19
424
157
14
19
421
160
14
19
420
160
14
19
419
160
14
19
419
160
14
19
418
159
14
19
417
159
14
19
416
159
14
19
419
164
14
19
419
164
14
19
419
164
14
19
419
163
14
19
419
163
14
19
420
163
14
19
420
165
14
19
420
164
14
19
418
165
14
19
417
165
14
19
416
165
14
19
416
165
14
19
415
165
14
19
414
164
14
19
413
164
14
19
411
164
14
19
409
164
14
19
409
164
14
19
408
164
14
19
408
164
14
19
408
164
14
19
408
164
14
19
408
164
14
19
408
163
14
19
408
164
14
19
407
164
14
19
407
163
14
19
407
163
14
19
407
163
14
19
407
162
14
19
406
163
14
19
405
164
14
19
404
164
14
19
403
164
14
19
403
164
14
19
403
163
14
19
403
162
14
19
403
161
14
19
402
161
14
19
401
161
14
19
400
161
14
19
399
161
14
19
398
160
14
19
398
160
14
19
398
162
14
19
398
162
14
19
399
162
14
19
399
162
14
19
399
162
14
19
398
162
14
19
398
162
14
19
398
161
14
19
397
162
14
19
396
161
14
19
394
161
14
19
393
161
14
19
393
162
14
19
392
160
14
19
390
158
14
19
389
158
14
19
389
157
14
19
387
159
14
19
