103
215
461
214
14
19
461
215
14
19
461
215
14
19
461
215
14
19
463
215
14
19
464
216
14
19
465
216
14
19
465
216
14
19
466
218
14
19
467
219
14
19
467
219
14
19
467
218
14
19
468
217
14
19
468
218
14
19
468
218
14
19
466
217
14
19
463
217
14
19
461
216
14
19
462
216
14
19
463
216
14
19
462
216
14
19
460
216
14
19
460
216
14
19
460
216
14
19
462
217
14
19
462
217
14
19
460
216
14
19
461
217
14
19
462
217
14
19
462
216
14
19
460
215
14
19
458
213
14
19
460
215
14
19
460
215
14
19
460
215
14
19
460
215
14
19
462
216
14
19
463
216
14
19
463
216
14
19
463
216
14
19
463
216
14
19
474
224
14
19
473
224
14
19
472
224
14
19
472
224
14
19
472
224
14
19
473
224
14
19
473
224
14
19
474
225
14
19
475
224
14
19
476
224
14
19
476
224
14
19
476
224
14
19
476
224
14
19
476
224
14
19
476
224
14
19
474
223
14
19
473
224
14
19
475
224
14
19
476
224
14
19
475
224
14
19
484
228
14
19
483
229
14
19
483
230
14
19
483
230
14
19
482
231
14
19
482
231
14
19
482
231
14
19
483
231
14
19
483
229
14
19
482
229
14
19
482
230
14
19
482
231
14
19
482
231
14
19
482
231
14
19
482
231
14
19
482
231
14
19
483
231
14
19
486
231
14
19
487
230
14
19
486
230
14
19
487
230
14
19
487
230
14
19
487
230
14
19
486
230
14
19
486
229
14
19
486
229
14
19
486
229
14
19
486
230
14
19
486
231
14
19
488
235
14
19
488
235
14
19
489
231
14
19
489
231
14
19
489
231
14
19
490
231
14
19
489
231
14
19
489
231
14
19
489
231
14
19
490
231
14
19
491
231
14
19
491
231
14
19
492
232
14
19
492
232
14
19
493
232
14
19
492
233
14
19
494
231
14
19
493
232
14
19
494
232
14
19
493
232
14
19
494
231
14
19
493
230
14
19
493
230
14
19
493
230
14
19
493
231
14
19
493
231
14
19
494
231
14
19
494
232
14
19
495
232
14
19
494
232
14
19
494
232
14
19
494
232
14
19
494
232
14
19
494
233
14
19
495
233
14
19
496
233
14
19
496
233
14
19
497
234
14
19
498
235
14
19
498
235
14
19
497
235
14
19
497
235
14
19
498
235
14
19
499
238
14
19
498
239
14
19
498
240
14
19
499
240
14
19
499
240
14
19
499
240
14
19
499
240
14
19
499
240
14
19
498
239
14
19
499
239
14
19
500
239
14
19
500
239
14
19
500
239
14
19
501
239
14
19
501
238
14
19
502
239
14
19
503
239
14
19
504
239
14
19
504
239
14
19
503
239
14
19
505
241
14
19
505
241
14
19
505
241
14
19
506
241
14
19
506
241
14
19
506
242
14
19
506
242
14
19
505
241
14
19
504
240
14
19
504
239
14
19
504
239
14
19
504
239
14
19
505
241
14
19
507
242
14
19
506
242
14
19
506
243
14
19
506
242
14
19
506
242
14
19
506
242
14
19
506
242
14
19
507
244
14
19
510
245
14
19
511
245
14
19
511
245
14
19
511
245
14
19
511
244
14
19
511
244
14
19
511
244
14
19
511
244
14
19
511
244
14
19
511
244
14
19
511
244
14
19
511
244
14
19
512
244
14
19
512
245
14
19
512
246
14
19
511
246
14
19
512
246
14
19
512
246
14
19
512
246
14
19
512
246
14
19
512
246
14
19
512
246
14
19
513
245
14
19
513
245
14
19
513
245
14
19
513
246
14
19
514
247
14
19
514
248
14
19
514
248
14
19
514
248
14
19
516
249
14
19
519
249
14
19
520
249
14
19
519
249
14
19
519
249
14
19
519
250
14
19
519
250
14
19
519
250
14
19
521
250
14
19
519
252
14
19
519
252
14
19
