512
548
327
175
14
19
327
174
14
19
327
174
14
19
327
173
14
19
327
173
14
19
326
173
14
19
325
173
14
19
324
173
14
19
323
174
14
19
323
175
14
19
322
176
14
19
321
176
14
19
320
176
14
19
320
176
14
19
320
176
14
19
320
176
14
19
320
176
14
19
320
176
14
19
320
177
14
19
320
177
14
19
321
177
14
19
321
177
14
19
321
177
14
19
321
177
14
19
321
177
14
19
320
176
14
19
314
177
14
19
314
177
14
19
313
177
14
19
313
177
14
19
313
177
14
19
313
178
14
19
313
178
14
19
313
178
14
19
313
178
14
19
313
179
14
19
313
179
14
19
308
176
14
19
307
176
14
19
307
176
14
19
306
175
14
19
305
175
14
19
305
176
14
19
305
176
14
19
306
176
14
19
305
178
14
19
305
178
14
19
306
178
14
19
306
178
14
19
306
178
14
19
305
178
14
19
304
179
14
19
303
179
14
19
302
179
14
19
301
180
14
19
300
180
14
19
299
179
14
19
297
179
14
19
297
179
14
19
297
179
14
19
296
179
14
19
296
179
14
19
296
179
14
19
296
179
14
19
295
179
14
19
294
180
14
19
294
180
14
19
295
181
14
19
295
181
14
19
295
181
14
19
295
181
14
19
295
181
14
19
295
181
14
19
294
182
14
19
293
181
14
19
291
181
14
19
290
181
14
19
289
181
14
19
289
178
14
19
289
178
14
19
288
180
14
19
287
182
14
19
287
182
14
19
286
184
14
19
285
184
14
19
285
184
14
19
285
184
14
19
285
184
14
19
285
184
14
19
285
184
14
19
284
185
14
19
284
186
14
19
285
185
14
19
285
185
14
19
284
185
14
19
284
184
14
19
283
184
14
19
282
184
14
19
281
183
14
19
280
183
14
19
281
183
14
19
279
182
14
19
277
182
14
19
276
182
14
19
276
182
14
19
275
180
14
19
275
182
14
19
274
182
14
19
274
182
14
19
274
182
14
19
274
182
14
19
274
182
14
19
273
182
14
19
272
181
14
19
272
181
14
19
272
181
14
19
273
181
14
19
274
181
14
19
274
183
14
19
272
181
14
19
271
180
14
19
270
181
14
19
269
181
14
19
268
181
14
19
267
181
14
19
266
181
14
19
266
181
14
19
265
181
14
19
265
181
14
19
265
182
14
19
265
181
14
19
264
181
14
19
263
181
14
19
263
181
14
19
263
181
14
19
263
181
14
19
263
181
14
19
263
181
14
19
263
181
14
19
262
182
14
19
262
182
14
19
261
181
14
19
260
181
14
19
259
181
14
19
260
181
14
19
260
181
14
19
259
183
14
19
257
183
14
19
256
183
14
19
256
182
14
19
255
182
14
19
255
182
14
19
255
182
14
19
254
183
14
19
254
183
14
19
253
183
14
19
252
183
14
19
252
183
14
19
252
183
14
19
252
183
14
19
253
182
14
19
253
182
14
19
253
182
14
19
253
185
14
19
252
185
14
19
251
181
14
19
250
180
14
19
250
180
14
19
250
181
14
19
250
181
14
19
250
181
14
19
250
181
14
19
250
181
14
19
249
180
14
19
247
179
14
19
246
179
14
19
245
179
14
19
244
177
14
19
244
177
14
19
243
177
14
19
242
177
14
19
242
177
14
19
242
177
14
19
242
178
14
19
242
178
14
19
242
178
14
19
241
178
14
19
240
177
14
19
240
177
14
19
240
179
14
19
240
179
14
19
238
180
14
19
237
180
14
19
236
180
14
19
236
181
14
19
235
181
14
19
235
181
14
19
234
181
14
19
233
181
14
19
232
181
14
19
231
181
14
19
231
181
14
19
231
181
14
19
231
181
14
19
231
181
14
19
226
182
14
19
226
182
14
19
225
182
14
19
225
182
14
19
224
182
14
19
223
182
14
19
222
182
14
19
221
182
14
19
220
182
14
19
219
183
14
19
218
183
14
19
217
183
14
19
217
183
14
19
216
183
14
19
215
183
14
19
214
183
14
19
213
182
14
19
212
182
14
19
212
183
14
19
212
183
14
19
212
183
14
19
211
184
14
19
212
184
14
19
212
184
14
19
212
184
14
19
212
184
14
19
211
183
14
19
210
183
14
19
208
183
14
19
207
183
14
19
206
183
14
19
205
183
14
19
205
183
14
19
205
183
14
19
205
183
14
19
203
183
14
19
202
183
14
19
201
183
14
19
200
183
14
19
198
183
14
19
198
183
14
19
198
183
14
19
197
183
14
19
196
183
14
19
194
185
14
19
194
185
14
19
193
185
14
19
193
185
14
19
193
184
14
19
193
184
14
19
193
184
14
19
192
184
14
19
191
184
14
19
190
183
14
19
190
181
14
19
190
181
14
19
190
181
14
19
190
181
14
19
189
181
14
19
189
181
14
19
187
182
14
19
186
182
14
19
185
181
14
19
184
181
14
19
182
182
14
19
181
182
14
19
181
182
14
19
181
180
14
19
181
179
14
19
180
179
14
19
180
179
14
19
180
179
14
19
180
180
14
19
180
180
14
19
180
181
14
19
179
181
14
19
176
188
14
19
175
187
14
19
175
186
14
19
172
186
14
19
172
186
14
19
171
186
14
19
170
186
14
19
169
185
14
19
169
185
14
19
168
183
14
19
168
181
14
19
167
179
14
19
166
179
14
19
165
179
14
19
165
179
14
19
164
177
14
19
163
177
14
19
163
178
14
19
163
178
14
19
162
179
14
19
162
188
14
19
162
188
14
19
162
188
14
19
162
188
14
19
161
187
14
19
161
187
14
19
160
187
14
19
159
187
14
19
157
187
14
19
156
187
14
19
155
187
14
19
154
187
14
19
153
187
14
19
153
188
14
19
153
187
14
19
152
189
14
19
152
190
14
19
151
189
14
19
149
189
14
19
148
188
14
19
147
189
14
19
146
190
14
19
145
189
14
19
145
189
14
19
146
189
14
19
146
189
14
19
145
189
14
19
144
189
14
19
144
189
14
19
142
191
14
19
141
192
14
19
140
192
14
19
139
190
14
19
138
189
14
19
138
189
14
19
139
189
14
19
138
188
14
19
138
188
14
19
137
188
14
19
134
192
14
19
132
192
14
19
132
192
14
19
131
193
14
19
131
193
14
19
130
193
14
19
130
193
14
19
129
192
14
19
129
192
14
19
129
191
14
19
129
191
14
19
129
189
14
19
128
188
14
19
127
187
14
19
125
185
14
19
124
184
14
19
123
183
14
19
123
181
14
19
122
183
14
19
122
190
14
19
121
191
14
19
120
191
14
19
120
191
14
19
119
191
14
19
118
191
14
19
117
189
14
19
117
189
14
19
116
189
14
19
116
190
14
19
115
188
14
19
115
188
14
19
115
189
14
19
114
189
14
19
114
189
14
19
114
189
14
19
114
189
14
19
115
189
14
19
114
191
14
19
113
191
14
19
111
190
14
19
105
191
14
19
103
191
14
19
102
191
14
19
100
191
14
19
99
191
14
19
99
192
14
19
99
193
14
19
97
193
14
19
97
193
14
19
97
194
14
19
97
194
14
19
96
193
14
19
96
193
14
19
96
193
14
19
95
193
14
19
95
193
14
19
95
193
14
19
95
193
14
19
95
193
14
19
94
194
14
19
94
194
14
19
93
194
14
19
92
194
14
19
90
194
14
19
89
194
14
19
88
194
14
19
87
194
14
19
86
194
14
19
86
195
14
19
85
195
14
19
84
194
14
19
83
194
14
19
83
194
14
19
82
193
14
19
82
193
14
19
82
193
14
19
81
193
14
19
80
193
14
19
79
193
14
19
80
194
14
19
80
194
14
19
81
190
14
19
81
190
14
19
81
189
14
19
80
190
14
19
79
190
14
19
78
191
14
19
77
192
14
19
76
192
14
19
75
192
14
19
74
193
14
19
74
193
14
19
73
192
14
19
72
192
14
19
71
193
14
19
71
193
14
19
70
193
14
19
69
193
14
19
68
193
14
19
68
193
14
19
67
193
14
19
66
192
14
19
65
192
14
19
64
191
14
19
63
190
14
19
62
190
14
19
62
190
14
19
61
191
14
19
61
191
14
19
61
191
14
19
61
191
14
19
59
191
14
19
58
191
14
19
58
190
14
19
57
190
14
19
56
190
14
19
55
190
14
19
55
190
14
19
54
191
14
19
53
189
14
19
53
189
14
19
53
187
14
19
50
189
14
19
50
189
14
19
49
190
14
19
49
190
14
19
48
190
14
19
47
190
14
19
46
190
14
19
45
190
14
19
44
190
14
19
44
189
14
19
44
188
14
19
44
188
14
19
43
187
14
19
42
187
14
19
41
187
14
19
41
187
14
19
40
187
14
19
39
187
14
19
37
187
14
19
36
187
14
19
35
188
14
19
35
188
14
19
34
188
14
19
34
188
14
19
33
188
14
19
33
187
14
19
32
186
14
19
32
186
14
19
32
186
14
19
31
186
14
19
31
184
14
19
31
184
14
19
30
184
14
19
29
184
14
19
28
184
14
19
27
183
14
19
26
183
14
19
26
182
14
19
24
182
14
19
23
181
14
19
22
182
14
19
21
176
14
19
21
176
14
19
21
176
14
19
21
176
14
19
20
176
14
19
19
175
14
19
19
175
14
19
18
175
14
19
17
175
14
19
17
175
14
19
17
175
14
19
16
175
14
19
16
175
14
19
15
175
14
19
15
175
14
19
15
174
14
19
14
174
14
19
14
173
14
19
13
173
14
19
12
173
14
19
11
172
14
19
10
172
14
19
9
172
14
19
7
172
14
19
7
172
14
19
6
172
14
19
6
172
14
19
5
172
14
19
5
172
14
19
4
172
14
19
3
172
14
19
2
172
14
19
1
171
14
19
1
171
14
19
1
171
14
19
0
172
14
19
0
172
14
19
1
172
14
19
0
171
14
19
0
171
14
19
0
169
14
19
0
169
14
19
0
168
14
19
0
167
14
19
1
165
14
19
