0
333
401
254
17
40
397
255
17
40
390
257
17
40
389
259
17
40
389
262
17
40
373
263
17
40
367
266
17
40
364
266
17
40
361
270
17
40
358
270
17
40
355
270
17
40
352
270
17
40
351
271
17
40
352
271
17
40
351
279
17
40
353
281
17
40
359
281
17
40
361
283
17
40
363
285
17
40
365
287
17
40
367
289
17
40
370
289
17
40
371
291
17
40
372
291
17
40
374
293
17
40
376
294
17
40
378
295
17
40
380
295
17
40
385
304
17
40
388
304
17
40
390
304
17
40
393
304
17
40
396
304
17
40
398
303
17
40
401
303
17
40
408
292
17
40
410
290
17
40
410
287
17
40
412
286
17
40
418
287
17
40
420
286
17
40
426
286
17
40
428
284
17
40
429
282
17
40
430
280
17
40
430
278
17
40
428
277
17
40
423
280
17
40
422
278
17
40
424
274
17
40
422
274
17
40
421
272
17
40
420
266
17
40
420
263
17
40
418
261
17
40
418
258
17
40
417
256
17
40
417
253
17
40
419
251
17
40
419
248
17
40
418
252
17
40
418
250
17
40
417
248
17
40
416
246
17
40
415
244
17
40
414
242
17
40
414
235
17
40
414
230
17
40
412
228
17
40
411
226
17
40
409
224
17
40
408
222
17
40
406
220
17
40
404
220
17
40
402
218
17
40
404
217
17
40
405
216
17
40
404
214
17
40
409
221
17
40
412
218
17
40
414
216
17
40
415
216
17
40
417
214
17
40
419
214
17
40
420
213
17
40
422
214
17
40
421
213
17
40
421
213
17
40
419
215
17
40
418
214
17
40
415
214
17
40
408
210
17
40
406
210
17
40
404
212
17
40
402
214
17
40
400
216
17
40
398
218
17
40
396
220
17
40
393
220
17
40
395
222
17
40
393
222
17
40
392
222
17
40
391
222
17
40
389
221
17
40
382
221
17
40
379
221
17
40
378
219
17
40
376
217
17
40
374
215
17
40
374
212
17
40
374
209
17
40
373
207
17
40
371
205
17
40
369
203
17
40
371
203
17
40
369
201
17
40
368
199
17
40
367
197
17
40
367
195
17
40
368
193
17
40
368
190
17
40
368
187
17
40
368
184
17
40
376
190
17
40
380
184
17
40
387
176
17
40
387
176
17
40
394
177
17
40
396
170
17
40
398
168
17
40
400
166
17
40
402
164
17
40
404
162
17
40
405
160
17
40
406
159
17
40
405
161
17
40
405
159
17
40
404
159
17
40
403
158
17
40
402
156
17
40
401
155
17
40
399
155
17
40
398
153
17
40
398
153
17
40
397
153
17
40
397
151
17
40
399
142
17
40
400
140
17
40
401
138
17
40
403
136
17
40
405
135
17
40
407
133
17
40
409
133
17
40
411
131
17
40
417
127
17
40
418
125
17
40
419
125
17
40
419
123
17
40
418
123
17
40
418
121
17
40
416
123
17
40
414
122
17
40
413
122
17
40
411
121
17
40
409
120
17
40
407
120
17
40
404
120
17
40
401
120
17
40
399
120
17
40
397
120
17
40
397
119
17
40
397
119
17
40
397
118
17
40
399
117
17
40
400
115
17
40
402
115
17
40
402
114
17
40
403
114
17
40
403
114
17
40
401
114
17
40
398
114
17
40
397
115
17
40
395
116
17
40
393
116
17
40
391
118
17
40
391
119
17
40
389
121
17
40
384
124
17
40
383
124
17
40
378
124
17
40
381
128
17
40
381
128
17
40
382
129
17
40
383
129
17
40
385
130
17
40
388
130
17
40
391
130
17
40
393
124
17
40
395
123
17
40
398
123
17
40
401
123
17
40
405
124
17
40
407
123
17
40
410
123
17
40
412
121
17
40
414
120
17
40
416
118
17
40
417
118
17
40
419
116
17
40
421
115
17
40
422
117
17
40
423
117
17
40
425
115
17
40
427
113
17
40
429
111
17
40
431
110
17
40
433
108
17
40
440
105
17
40
442
100
17
40
445
100
17
40
447
98
17
40
449
96
17
40
454
88
17
40
457
89
17
40
459
87
17
40
461
85
17
40
463
83
17
40
465
81
17
40
466
80
17
40
464
65
17
40
464
63
17
40
465
61
17
40
466
59
17
40
466
58
17
40
466
56
17
40
466
54
17
40
466
54
17
40
467
52
17
40
467
52
17
40
467
50
17
40
474
55
17
40
476
53
17
40
477
53
17
40
480
53
17
40
482
53
17
40
485
53
17
40
487
52
17
40
490
52
17
40
492
47
17
40
494
47
17
40
497
47
17
40
499
46
17
40
500
46
17
40
500
46
17
40
498
47
17
40
497
48
17
40
495
50
17
40
494
51
17
40
493
57
17
40
491
56
17
40
489
58
17
40
486
55
17
40
485
57
17
40
485
57
17
40
484
59
17
40
483
61
17
40
483
62
17
40
483
63
17
40
484
63
17
40
484
63
17
40
484
65
17
40
485
67
17
40
490
71
17
40
488
72
17
40
487
72
17
40
489
74
17
40
488
76
17
40
487
78
17
40
485
80
17
40
485
82
17
40
490
91
17
40
488
93
17
40
487
95
17
40
485
97
17
40
483
99
17
40
484
101
17
40
483
103
17
40
483
105
17
40
484
107
17
40
490
112
17
40
492
114
17
40
494
114
17
40
496
114
17
40
499
114
17
40
501
115
17
40
499
114
17
40
501
116
17
40
504
124
17
40
506
126
17
40
506
128
17
40
506
130
17
40
507
130
17
40
506
132
17
40
506
134
17
40
505
136
17
40
504
138
17
40
509
135
17
40
509
136
17
40
507
138
17
40
507
139
17
40
507
140
17
40
509
141
17
40
511
142
17
40
510
142
17
40
508
141
17
40
507
140
17
40
509
140
17
40
512
140
17
40
514
140
17
40
515
140
17
40
514
140
17
40
516
141
17
40
515
140
17
40
517
140
17
40
520
140
17
40
518
140
17
40
516
138
17
40
517
139
17
40
520
139
17
40
523
139
17
40
524
137
17
40
527
137
17
40
527
139
17
40
