0
333
434
267
17
40
427
271
17
40
423
275
17
40
418
275
17
40
411
279
17
40
410
276
17
40
403
277
17
40
400
277
17
40
394
279
17
40
392
277
17
40
390
279
17
40
387
279
17
40
385
280
17
40
385
286
17
40
387
287
17
40
389
289
17
40
391
291
17
40
393
293
17
40
395
295
17
40
398
295
17
40
400
297
17
40
403
297
17
40
406
297
17
40
404
310
17
40
406
311
17
40
408
312
17
40
415
310
17
40
417
310
17
40
420
310
17
40
423
310
17
40
425
310
17
40
427
309
17
40
430
309
17
40
432
308
17
40
435
308
17
40
440
306
17
40
443
306
17
40
450
306
17
40
453
306
17
40
456
306
17
40
457
305
17
40
459
303
17
40
461
302
17
40
462
300
17
40
462
299
17
40
462
297
17
40
461
295
17
40
460
293
17
40
459
291
17
40
459
289
17
40
457
287
17
40
455
287
17
40
453
280
17
40
454
282
17
40
453
280
17
40
454
278
17
40
453
276
17
40
454
274
17
40
454
265
17
40
454
262
17
40
454
259
17
40
455
257
17
40
453
256
17
40
451
254
17
40
450
252
17
40
449
252
17
40
447
252
17
40
450
243
17
40
443
244
17
40
442
242
17
40
440
241
17
40
438
239
17
40
437
239
17
40
436
239
17
40
436
240
17
40
437
238
17
40
438
236
17
40
439
234
17
40
441
232
17
40
446
230
17
40
448
229
17
40
449
229
17
40
451
229
17
40
453
231
17
40
454
231
17
40
455
231
17
40
454
231
17
40
454
229
17
40
452
225
17
40
451
225
17
40
449
225
17
40
447
227
17
40
445
227
17
40
445
229
17
40
439
232
17
40
437
234
17
40
435
236
17
40
433
238
17
40
431
238
17
40
430
239
17
40
428
239
17
40
427
237
17
40
426
237
17
40
424
237
17
40
423
235
17
40
421
235
17
40
420
234
17
40
419
232
17
40
415
233
17
40
415
233
17
40
413
233
17
40
412
231
17
40
411
221
17
40
410
221
17
40
409
220
17
40
408
220
17
40
407
220
17
40
406
220
17
40
406
218
17
40
407
216
17
40
408
215
17
40
411
215
17
40
418
204
17
40
422
203
17
40
423
199
17
40
430
197
17
40
436
189
17
40
439
189
17
40
446
181
17
40
448
179
17
40
450
177
17
40
452
175
17
40
454
169
17
40
455
168
17
40
457
166
17
40
457
164
17
40
457
162
17
40
456
162
17
40
455
161
17
40
454
160
17
40
453
159
17
40
451
159
17
40
450
158
17
40
450
158
17
40
449
157
17
40
449
155
17
40
448
156
17
40
449
154
17
40
449
152
17
40
451
150
17
40
452
148
17
40
454
146
17
40
457
143
17
40
456
143
17
40
458
143
17
40
459
141
17
40
460
140
17
40
460
140
17
40
459
140
17
40
459
140
17
40
457
140
17
40
455
140
17
40
454
139
17
40
452
138
17
40
450
137
17
40
453
139
17
40
450
139
17
40
447
139
17
40
446
139
17
40
444
139
17
40
441
128
17
40
443
128
17
40
442
127
17
40
442
124
17
40
442
123
17
40
444
121
17
40
446
120
17
40
449
120
17
40
450
120
17
40
447
120
17
40
445
121
17
40
444
122
17
40
442
124
17
40
440
124
17
40
433
137
17
40
433
137
17
40
431
139
17
40
430
141
17
40
430
141
17
40
428
143
17
40
427
145
17
40
426
145
17
40
427
146
17
40
428
146
17
40
429
146
17
40
432
146
17
40
435
143
17
40
437
142
17
40
439
141
17
40
442
141
17
40
444
141
17
40
447
141
17
40
449
141
17
40
451
140
17
40
454
140
17
40
455
140
17
40
457
138
17
40
457
138
17
40
459
136
17
40
460
135
17
40
462
134
17
40
463
133
17
40
464
131
17
40
466
130
17
40
467
129
17
40
470
129
17
40
472
127
17
40
486
119
17
40
488
120
17
40
487
120
17
40
489
118
17
40
491
116
17
40
493
114
17
40
495
112
17
40
496
110
17
40
498
108
17
40
509
89
17
40
511
87
17
40
512
85
17
40
512
81
17
40
513
79
17
40
515
77
17
40
515
78
17
40
515
77
17
40
516
74
17
40
516
73
17
40
516
73
17
40
517
71
17
40
517
71
17
40
517
71
17
40
517
71
17
40
519
69
17
40
521
67
17
40
523
66
17
40
525
66
17
40
528
66
17
40
531
66
17
40
534
66
17
40
536
66
17
40
538
66
17
40
541
66
17
40
543
65
17
40
544
66
17
40
544
66
17
40
542
68
17
40
541
70
17
40
539
72
17
40
538
73
17
40
537
71
17
40
535
71
17
40
533
73
17
40
532
70
17
40
531
71
17
40
531
71
17
40
530
73
17
40
530
76
17
40
530
78
17
40
530
78
17
40
532
79
17
40
534
79
17
40
534
81
17
40
535
83
17
40
534
82
17
40
536
93
17
40
538
93
17
40
538
95
17
40
538
97
17
40
539
99
17
40
538
101
17
40
537
103
17
40
535
104
17
40
533
106
17
40
533
109
17
40
531
111
17
40
529
113
17
40
529
115
17
40
533
128
17
40
534
129
17
40
534
132
17
40
536
130
17
40
537
132
17
40
539
133
17
40
541
133
17
40
544
133
17
40
546
135
17
40
551
140
17
40
556
142
17
40
556
142
17
40
559
142
17
40
560
142
17
40
560
144
17
40
560
146
17
40
559
147
17
40
559
148
17
40
558
146
17
40
560
148
17
40
558
150
17
40
559
152
17
40
558
154
17
40
555
154
17
40
553
154
17
40
555
155
17
40
557
156
17
40
557
156
17
40
555
154
17
40
557
154
17
40
559
154
17
40
562
154
17
40
564
154
17
40
565
154
17
40
567
155
17
40
569
156
17
40
572
156
17
40
575
156
17
40
577
156
17
40
574
156
17
40
577
156
17
40
578
157
17
40
577
155
17
40
575
153
17
40
577
151
17
40
577
148
17
40
577
145
17
40
