68
265
494
436
17
40
492
434
17
40
490
434
17
40
488
432
17
40
487
430
17
40
487
428
17
40
484
428
17
40
484
427
17
40
484
426
17
40
485
424
17
40
485
423
17
40
487
421
17
40
488
419
17
40
490
417
17
40
492
415
17
40
492
415
17
40
494
413
17
40
495
413
17
40
494
411
17
40
493
411
17
40
490
411
17
40
489
410
17
40
480
415
17
40
478
416
17
40
476
418
17
40
474
418
17
40
472
419
17
40
467
420
17
40
465
422
17
40
463
424
17
40
461
424
17
40
458
424
17
40
459
422
17
40
457
422
17
40
449
426
17
40
447
424
17
40
445
422
17
40
442
422
17
40
440
420
17
40
438
418
17
40
436
416
17
40
435
414
17
40
433
412
17
40
432
410
17
40
430
408
17
40
429
406
17
40
427
405
17
40
426
403
17
40
424
401
17
40
423
399
17
40
422
397
17
40
421
395
17
40
421
392
17
40
421
389
17
40
421
386
17
40
430
378
17
40
430
375
17
40
436
370
17
40
436
370
17
40
443
365
17
40
445
356
17
40
445
353
17
40
447
351
17
40
449
349
17
40
450
347
17
40
450
345
17
40
453
342
17
40
452
340
17
40
451
338
17
40
449
338
17
40
447
336
17
40
444
336
17
40
442
334
17
40
440
334
17
40
439
332
17
40
438
331
17
40
436
330
17
40
435
328
17
40
435
326
17
40
435
324
17
40
435
323
17
40
436
321
17
40
437
319
17
40
439
317
17
40
441
315
17
40
441
313
17
40
443
315
17
40
443
313
17
40
443
311
17
40
442
309
17
40
440
309
17
40
439
307
17
40
436
307
17
40
433
307
17
40
431
306
17
40
429
304
17
40
428
302
17
40
426
300
17
40
421
297
17
40
422
296
17
40
419
296
17
40
409
295
17
40
408
294
17
40
408
293
17
40
407
292
17
40
407
290
17
40
405
291
17
40
404
291
17
40
404
289
17
40
405
287
17
40
410
284
17
40
408
284
17
40
405
284
17
40
403
282
17
40
401
284
17
40
400
284
17
40
397
284
17
40
395
284
17
40
386
289
17
40
384
290
17
40
382
291
17
40
380
292
17
40
378
294
17
40
378
293
17
40
378
293
17
40
378
293
17
40
379
293
17
40
380
293
17
40
382
293
17
40
384
293
17
40
386
292
17
40
388
292
17
40
389
292
17
40
391
292
17
40
392
290
17
40
393
290
17
40
395
288
17
40
395
286
17
40
397
284
17
40
397
284
17
40
398
282
17
40
399
280
17
40
399
279
17
40
400
277
17
40
400
275
17
40
402
273
17
40
403
271
17
40
405
269
17
40
405
267
17
40
414
264
17
40
415
262
17
40
416
260
17
40
417
258
17
40
418
248
17
40
417
249
17
40
422
248
17
40
421
239
17
40
428
233
17
40
426
233
17
40
429
228
17
40
429
225
17
40
429
223
17
40
428
221
17
40
428
219
17
40
427
218
17
40
427
215
17
40
424
215
17
40
424
213
17
40
423
213
17
40
423
211
17
40
422
211
17
40
422
209
17
40
422
207
17
40
422
205
17
40
423
204
17
40
421
203
17
40
423
201
17
40
425
200
17
40
427
199
17
40
429
198
17
40
431
197
17
40
432
197
17
40
434
195
17
40
434
195
17
40
434
195
17
40
433
195
17
40
431
195
17
40
429
195
17
40
427
197
17
40
427
198
17
40
424
198
17
40
422
198
17
40
420
198
17
40
418
198
17
40
416
200
17
40
414
202
17
40
413
204
17
40
412
206
17
40
411
208
17
40
409
210
17
40
417
205
17
40
417
206
17
40
417
208
17
40
417
211
17
40
418
211
17
40
418
214
17
40
419
212
17
40
419
214
17
40
417
216
17
40
416
218
17
40
415
220
17
40
413
222
17
40
412
224
17
40
410
226
17
40
409
228
17
40
404
233
17
40
403
235
17
40
403
237
17
40
403
239
17
40
403
240
17
40
402
242
17
40
403
242
17
40
403
244
17
40
405
244
17
40
406
244
17
40
406
244
17
40
409
244
17
40
412
244
17
40
414
245
17
40
416
245
17
40
416
247
17
40
416
247
17
40
416
249
17
40
416
249
17
40
415
251
17
40
414
252
17
40
412
254
17
40
411
254
17
40
409
256
17
40
409
256
17
40
407
258
17
40
407
258
17
40
407
258
17
40
408
259
17
40
409
258
17
40
409
259
17
40
410
260
17
40
413
260
17
40
415
260
17
40
416
260
17
40
418
260
17
40
419
260
17
40
420
260
17
40
429
259
17
40
431
258
17
40
434
258
17
40
437
258
17
40
442
261
17
40
445
265
17
40
452
267
17
40
455
267
17
40
455
268
17
40
457
266
17
40
459
266
17
40
461
264
17
40
