0
246
345
199
11
23
343
199
11
23
332
209
11
23
324
209
11
23
322
208
11
23
316
211
11
23
313
211
11
23
311
211
11
23
310
210
11
23
310
208
11
23
312
206
11
23
313
207
11
23
315
205
11
23
319
197
11
23
321
195
11
23
322
193
11
23
324
191
11
23
326
189
11
23
327
187
11
23
328
186
11
23
327
186
11
23
326
186
11
23
324
188
11
23
321
188
11
23
320
188
11
23
318
188
11
23
317
188
11
23
315
189
11
23
313
189
11
23
312
188
11
23
311
188
11
23
309
187
11
23
309
186
11
23
308
186
11
23
308
186
11
23
307
185
11
23
305
184
11
23
303
183
11
23
300
183
11
23
294
183
11
23
291
183
11
23
288
183
11
23
282
181
11
23
279
181
11
23
276
181
11
23
274
180
11
23
273
179
11
23
273
177
11
23
273
174
11
23
276
172
11
23
279
166
11
23
282
163
11
23
284
161
11
23
285
155
11
23
287
153
11
23
288
151
11
23
289
149
11
23
289
147
11
23
289
146
11
23
288
145
11
23
287
146
11
23
286
145
11
23
285
146
11
23
284
148
11
23
284
150
11
23
284
152
11
23
284
154
11
23
284
156
11
23
284
157
11
23
284
159
11
23
285
161
11
23
287
162
11
23
289
162
11
23
291
162
11
23
293
161
11
23
295
160
11
23
297
160
11
23
297
161
11
23
296
161
11
23
295
163
11
23
295
164
11
23
295
166
11
23
294
168
11
23
294
170
11
23
294
172
11
23
294
175
11
23
294
177
11
23
295
179
11
23
296
181
11
23
298
183
11
23
299
185
11
23
300
187
11
23
301
189
11
23
302
191
11
23
303
192
11
23
304
193
11
23
304
195
11
23
304
197
11
23
304
199
11
23
304
201
11
23
303
203
11
23
302
205
11
23
300
207
11
23
299
209
11
23
297
211
11
23
295
213
11
23
293
215
11
23
291
217
11
23
289
219
11
23
287
221
11
23
285
223
11
23
283
224
11
23
281
225
11
23
278
225
11
23
277
225
11
23
276
225
11
23
275
225
11
23
274
225
11
23
273
225
11
23
269
227
11
23
269
226
11
23
268
226
11
23
268
225
11
23
268
224
11
23
268
222
11
23
269
221
11
23
269
219
11
23
270
217
11
23
271
215
11
23
272
213
11
23
273
211
11
23
275
209
11
23
277
207
11
23
278
205
11
23
279
204
11
23
279
202
11
23
279
200
11
23
279
199
11
23
278
198
11
23
277
198
11
23
276
198
11
23
273
198
11
23
271
198
11
23
268
198
11
23
265
198
11
23
262
198
11
23
259
198
11
23
257
196
11
23
256
194
11
23
254
193
11
23
251
193
11
23
249
192
11
23
247
192
11
23
246
192
11
23
244
190
11
23
243
189
11
23
243
187
11
23
242
187
11
23
241
185
11
23
240
185
11
23
238
183
11
23
237
183
11
23
236
181
11
23
236
181
11
23
234
179
11
23
234
177
11
23
234
177
11
23
234
175
11
23
234
174
11
23
233
173
11
23
233
172
11
23
233
171
11
23
233
169
11
23
234
168
11
23
234
167
11
23
234
166
11
23
235
165
11
23
236
164
11
23
237
163
11
23
237
163
11
23
237
163
11
23
238
163
11
23
239
163
11
23
240
163
11
23
241
163
11
23
241
162
11
23
241
162
11
23
240
161
11
23
239
161
11
23
238
161
11
23
238
161
11
23
238
161
11
23
237
163
11
23
236
165
11
23
236
165
11
23
236
167
11
23
236
169
11
23
235
169
11
23
234
170
11
23
234
172
11
23
234
174
11
23
237
175
11
23
238
176
11
23
239
176
11
23
240
176
11
23
241
176
11
23
243
176
11
23
243
176
11
23
245
176
11
23
246
176
11
23
248
176
11
23
248
177
11
23
249
177
11
23
248
178
11
23
247
178
11
23
247
178
11
23
247
178
11
23
246
179
11
23
246
179
11
23
245
180
11
23
243
180
11
23
243
180
11
23
242
180
11
23
241
181
11
23
241
181
11
23
242
181
11
23
243
181
11
23
245
181
11
23
247
181
11
23
249
181
11
23
251
180
11
23
254
180
11
23
262
182
11
23
264
181
11
23
267
181
11
23
270
181
11
23
273
181
11
23
275
181
11
23
277
180
11
23
279
180
11
23
281
179
11
23
282
180
11
23
280
180
11
23
279
180
11
23
277
182
11
23
275
184
11
23
