0
458
639
317
11
23
633
319
11
23
625
323
11
23
622
323
11
23
615
326
11
23
612
326
11
23
609
326
11
23
607
325
11
23
606
324
11
23
606
322
11
23
607
320
11
23
608
317
11
23
610
315
11
23
612
313
11
23
614
311
11
23
615
309
11
23
617
307
11
23
619
305
11
23
620
303
11
23
621
302
11
23
620
302
11
23
619
302
11
23
616
298
11
23
614
300
11
23
613
300
11
23
611
300
11
23
611
300
11
23
609
300
11
23
608
300
11
23
607
298
11
23
606
298
11
23
604
296
11
23
604
294
11
23
603
293
11
23
602
292
11
23
601
293
11
23
599
291
11
23
597
290
11
23
594
290
11
23
588
283
11
23
585
283
11
23
582
283
11
23
579
283
11
23
576
283
11
23
574
281
11
23
572
281
11
23
568
276
11
23
568
275
11
23
568
272
11
23
572
268
11
23
575
268
11
23
576
263
11
23
578
261
11
23
580
259
11
23
582
257
11
23
583
255
11
23
583
253
11
23
583
251
11
23
583
249
11
23
582
248
11
23
581
249
11
23
580
250
11
23
578
251
11
23
577
253
11
23
577
255
11
23
577
257
11
23
577
259
11
23
577
261
11
23
577
263
11
23
577
265
11
23
578
267
11
23
580
269
11
23
582
269
11
23
584
269
11
23
586
269
11
23
588
269
11
23
589
267
11
23
589
268
11
23
587
264
11
23
585
266
11
23
585
268
11
23
584
270
11
23
582
272
11
23
582
274
11
23
582
276
11
23
581
278
11
23
581
280
11
23
582
282
11
23
583
284
11
23
585
286
11
23
586
288
11
23
587
290
11
23
587
292
11
23
588
294
11
23
590
296
11
23
590
298
11
23
591
300
11
23
591
302
11
23
592
304
11
23
591
306
11
23
590
308
11
23
589
310
11
23
587
316
11
23
585
318
11
23
585
318
11
23
583
320
11
23
578
325
11
23
576
327
11
23
573
327
11
23
571
329
11
23
568
329
11
23
565
329
11
23
562
329
11
23
559
329
11
23
558
329
11
23
557
329
11
23
556
329
11
23
555
328
11
23
554
328
11
23
553
328
11
23
552
328
11
23
551
328
11
23
551
326
11
23
551
326
11
23
551
324
11
23
552
322
11
23
552
320
11
23
552
324
11
23
553
322
11
23
554
320
11
23
555
318
11
23
556
316
11
23
558
314
11
23
559
312
11
23
560
310
11
23
560
309
11
23
560
307
11
23
560
306
11
23
559
304
11
23
558
302
11
23
557
302
11
23
554
302
11
23
552
301
11
23
549
301
11
23
546
301
11
23
543
301
11
23
536
297
11
23
535
295
11
23
533
293
11
23
531
291
11
23
528
291
11
23
526
289
11
23
524
287
11
23
522
287
11
23
520
285
11
23
519
283
11
23
519
281
11
23
518
280
11
23
517
278
11
23
516
276
11
23
515
274
11
23
514
272
11
23
514
270
11
23
513
268
11
23
512
266
11
23
512
266
11
23
512
264
11
23
513
263
11
23
513
263
11
23
512
261
11
23
512
260
11
23
512
259
11
23
512
257
11
23
512
255
11
23
512
254
11
23
513
253
11
23
514
252
11
23
515
251
11
23
516
250
11
23
516
250
11
23
516
249
11
23
516
247
11
23
517
247
11
23
518
245
11
23
519
245
11
23
519
245
11
23
518
244
11
23
517
247
11
23
517
247
11
23
516
247
11
23
516
247
11
23
516
247
11
23
515
249
11
23
514
249
11
23
514
250
11
23
513
250
11
23
513
252
11
23
513
252
11
23
511
253
11
23
511
254
11
23
511
256
11
23
511
257
11
23
512
258
11
23
514
260
11
23
515
260
11
23
516
260
11
23
517
260
11
23
518
262
11
23
519
262
11
23
519
262
11
23
521
262
11
23
521
262
11
23
522
262
11
23
521
263
11
23
520
263
11
23
519
264
11
23
519
264
11
23
518
264
11
23
517
264
11
23
516
264
11
23
514
264
11
23
514
264
11
23
513
264
11
23
512
262
11
23
512
262
11
23
513
262
11
23
513
262
11
23
514
261
11
23
516
265
11
23
518
264
11
23
520
263
11
23
523
263
11
23
525
261
11
23
528
261
11
23
531
261
11
23
533
259
11
23
535
257
11
23
537
257
11
23
539
255
11
23
541
255
11
23
543
253
11
23
544
254
11
23
542
254
11
23
541
254
11
23
539
255
11
23
537
257
11
23
533
259
11
23
528
265
11
23
525
268
11
23
522
268
11
23
520
270
11
23
519
278
11
23
515
278
11
23
513
280
11
23
511
282
11
23
511
284
11
23
511
286
11
23
513
286
11
23
515
286
11
23
516
286
11
23
517
286
11
23
517
285
11
23
517
285
11
23
517
285
11
23
516
285
11
23
515
285
11
23
516
284
11
23
516
283
11
23
516
282
11
23
514
281
11
23
512
280
11
23
509
280
11
23
507
280
11
23
504
280
11
23
502
280
11
23
501
280
11
23
499
279
11
23
498
278
11
23
497
279
11
23
497
278
11
23
497
277
11
23
497
276
11
23
497
273
11
23
497
271
11
23
497
269
11
23
497
268
11
23
498
267
11
23
499
266
11
23
499
265
11
23
500
264
11
23
500
264
11
23
501
264
11
23
502
264
11
23
504
265
11
23
504
265
11
23
504
265
11
23
503
266
11
23
503
266
11
23
502
268
11
23
502
270
11
23
500
270
11
23
500
272
11
23
500
273
11
23
497
271
11
23
497
271
11
23
497
271
11
23
497
272
11
23
496
272
11
23
496
272
11
23
496
272
11
23
497
273
11
23
497
273
11
23
497
273
11
23
497
274
11
23
497
274
11
23
497
274
11
23
495
275
11
23
494
277
11
23
494
279
11
23
492
281
11
23
491
283
11
23
490
284
11
23
489
289
11
23
489
286
11
23
489
288
11
23
489
292
11
23
489
294
11
23
489
295
11
23
489
296
11
23
489
296
11
23
489
296
11
23
489
296
11
23
489
296
11
23
489
297
11
23
488
297
11
23
487
298
11
23
486
297
11
23
485
299
11
23
485
299
11
23
485
301
11
23
484
301
11
23
484
301
11
23
484
302
11
23
485
301
11
23
486
303
11
23
486
303
11
23
484
303
11
23
483
303
11
23
481
303
11
23
478
303
11
23
476
303
11
23
474
303
11
23
472
304
11
23
470
304
11
23
468
304
11
23
465
304
11
23
462
304
11
23
459
304
11
23
457
306
11
23
453
311
11
23
451
309
11
23
444
314
11
23
442
316
11
23
439
316
11
23
437
317
11
23
435
317
11
23
435
319
11
23
433
319
11
23
433
319
11
23
432
318
11
23
433
318
11
23
433
318
11
23
434
318
11
23
434
317
11
23
433
317
11
23
431
317
11
23
430
317
11
23
428
317
11
23
426
317
11
23
423
317
11
23
421
317
11
23
418
317
11
23
415
317
11
23
412
317
11
23
409
317
11
23
406
317
11
23
403
317
11
23
400
317
11
23
397
317
11
23
394
317
11
23
391
317
11
23
388
317
11
23
385
317
11
23
383
317
11
23
381
316
11
23
381
315
11
23
381
314
11
23
382
313
11
23
382
312
11
23
383
310
11
23
384
309
11
23
386
308
11
23
388
309
11
23
390
308
11
23
392
307
11
23
395
307
11
23
397
306
11
23
398
305
11
23
399
304
11
23
399
304
11
23
400
304
11
23
401
304
11
23
403
303
11
23
404
303
11
23
406
303
11
23
407
303
11
23
409
303
11
23
409
303
11
23
408
303
11
23
406
303
11
23
403
303
11
23
400
303
11
23
397
303
11
23
394
303
11
23
391
303
11
23
389
303
11
23
387
303
11
23
386
303
11
23
385
304
11
23
384
305
11
23
384
305
11
23
384
305
11
23
383
303
11
23
383
303
11
23
383
305
11
23
383
305
11
23
384
306
11
23
385
307
11
23
384
306
11
23
384
308
11
23
383
306
11
23
382
306
11
23
381
308
11
23
380
310
11
23
378
309
11
23
377
311
11
23
376
312
11
23
376
314
11
23
376
315
11
23
375
317
11
23
374
316
11
23
373
318
11
23
374
320
11
23
374
322
11
23
376
324
11
23
377
326
11
23
379
328
11
23
381
330
11
23
