0
458
685
385
11
23
679
388
11
23
673
391
11
23
665
393
11
23
660
395
11
23
657
395
11
23
654
395
11
23
652
395
11
23
652
394
11
23
652
392
11
23
653
390
11
23
656
386
11
23
658
384
11
23
660
382
11
23
661
380
11
23
663
379
11
23
665
377
11
23
667
375
11
23
668
373
11
23
669
372
11
23
669
372
11
23
668
372
11
23
666
372
11
23
665
374
11
23
664
374
11
23
662
373
11
23
662
373
11
23
660
373
11
23
659
372
11
23
659
370
11
23
658
370
11
23
657
369
11
23
657
367
11
23
657
365
11
23
655
362
11
23
654
362
11
23
653
360
11
23
651
360
11
23
648
360
11
23
643
356
11
23
640
356
11
23
638
355
11
23
634
353
11
23
631
353
11
23
629
351
11
23
627
349
11
23
625
349
11
23
625
347
11
23
625
344
11
23
625
341
11
23
630
339
11
23
632
337
11
23
634
335
11
23
636
334
11
23
636
330
11
23
637
328
11
23
638
326
11
23
638
325
11
23
638
324
11
23
637
324
11
23
635
325
11
23
634
325
11
23
632
327
11
23
631
329
11
23
630
331
11
23
630
333
11
23
630
336
11
23
630
338
11
23
630
340
11
23
631
342
11
23
632
344
11
23
634
346
11
23
635
346
11
23
637
346
11
23
639
346
11
23
641
346
11
23
642
346
11
23
642
347
11
23
640
349
11
23
638
351
11
23
637
353
11
23
636
355
11
23
634
357
11
23
633
359
11
23
633
361
11
23
633
364
11
23
633
366
11
23
633
369
11
23
634
371
11
23
636
373
11
23
637
375
11
23
638
377
11
23
638
379
11
23
639
381
11
23
641
383
11
23
645
385
11
23
646
387
11
23
646
389
11
23
648
391
11
23
648
393
11
23
647
395
11
23
647
397
11
23
642
403
11
23
641
405
11
23
639
408
11
23
637
410
11
23
635
412
11
23
633
414
11
23
631
416
11
23
627
419
11
23
625
421
11
23
623
422
11
23
621
423
11
23
618
423
11
23
617
423
11
23
616
423
11
23
616
423
11
23
615
423
11
23
613
423
11
23
612
423
11
23
612
423
11
23
611
423
11
23
611
422
11
23
611
421
11
23
611
420
11
23
612
418
11
23
612
416
11
23
612
414
11
23
613
412
11
23
614
410
11
23
616
409
11
23
617
407
11
23
619
405
11
23
620
403
11
23
621
401
11
23
621
399
11
23
621
397
11
23
621
396
11
23
620
395
11
23
619
394
11
23
618
394
11
23
615
394
11
23
613
394
11
23
607
392
11
23
604
392
11
23
602
390
11
23
599
390
11
23
598
388
11
23
596
386
11
23
595
386
11
23
593
385
11
23
591
383
11
23
589
382
11
23
587
381
11
23
585
380
11
23
584
379
11
23
584
378
11
23
583
377
11
23
581
375
11
23
580
373
11
23
579
371
11
23
577
369
11
23
577
367
11
23
576
365
11
23
575
363
11
23
574
361
11
23
574
360
11
23
575
359
11
23
574
358
11
23
574
357
11
23
574
356
11
23
574
355
11
23
573
354
11
23
573
352
11
23
573
351
11
23
573
350
11
23
574
348
11
23
576
348
11
23
576
346
11
23
577
346
11
23
577
346
11
23
578
346
11
23
578
345
11
23
579
344
11
23
585
346
11
23
586
346
11
23
585
345
11
23
584
344
11
23
584
344
11
23
583
344
11
23
583
344
11
23
583
344
11
23
582
346
11
23
581
346
11
23
582
348
11
23
582
350
11
23
582
352
11
23
582
352
11
23
581
353
11
23
581
354
11
23
581
355
11
23
580
356
11
23
581
357
11
23
583
358
11
23
584
358
11
23
585
358
11
23
587
358
11
23
588
358
11
23
590
358
11
23
591
359
11
23
593
359
11
23
593
359
11
23
594
359
11
23
593
359
11
23
593
359
11
23
593
360
11
23
593
360
11
23
592
360
11
23
592
360
11
23
591
360
11
23
590
360
11
23
590
360
11
23
589
360
11
23
588
359
11
23
588
360
11
23
589
359
11
23
589
359
11
23
590
358
11
23
592
357
11
23
594
356
11
23
596
355
11
23
599
355
11
23
603
357
11
23
605
356
11
23
607
355
11
23
609
354
11
23
611
352
11
23
613
352
11
23
615
351
11
23
617
350
11
23
619
350
11
23
619
349
11
23
618
349
11
23
617
350
11
23
615
351
11
23
614
355
11
23
612
357
11
23
608
362
11
23
606
364
11
23
603
370
11
23
601
372
11
23
598
377
11
23
596
379
11
23
596
382
11
23
594
384
11
23
594
386
11
23
594
388
11
23
596
388
11
23
598
388
11
23
599
388
11
23
600
388
11
23
601
388
11
23
601
388
11
23
601
388
11
23
600
388
11
23
599
388
11
23
600
387
11
23
600
386
11
23
600
385
11
23
599
384
11
23
597
384
11
23
592
383
11
23
590
383
11
23
588
383
11
23
587
384
11
23
585
383
11
23
584
383
11
23
583
382
11
23
582
382
11
23
582
381
11
23
582
380
11
23
582
379
11
23
582
379
11
23
583
378
11
23
583
377
11
23
583
376
11
23
584
376
11
23
585
375
11
23
585
374
11
23
587
374
11
23
587
374
11
23
588
374
11
23
588
372
11
23
589
372
11
23
588
372
11
23
588
372
11
23
587
373
11
23
587
374
11
23
586
375
11
23
586
377
11
23
584
378
11
23
583
378
11
23
582
379
11
23
581
380
11
23
580
380
11
23
580
382
11
23
579
383
11
23
579
384
11
23
579
384
11
23
578
384
11
23
578
384
11
23
578
385
11
23
577
382
11
23
577
383
11
23
577
384
11
23
577
385
11
23
576
387
11
23
575
389
11
23
574
391
11
23
572
393
11
23
571
395
11
23
570
397
11
23
569
398
11
23
569
400
11
23
569
402
11
23
569
402
11
23
569
403
11
23
569
404
11
23
569
404
11
23
569
405
11
23
569
405
11
23
568
405
11
23
568
405
11
23
567
405
11
23
566
406
11
23
564
407
11
23
563
408
11
23
561
409
11
23
560
410
11
23
560
411
11
23
559
412
11
23
559
412
11
23
559
413
11
23
560
413
11
23
560
415
11
23
559
415
11
23
557
417
11
23
555
417
11
23
552
417
11
23
550
419
11
23
547
419
11
23
545
419
11
23
543
421
11
23
539
420
11
23
536
420
11
23
533
420
11
23
531
422
11
23
528
422
11
23
526
424
11
23
524
425
11
23
515
427
11
23
513
429
11
23
511
431
11
23
509
433
11
23
507
435
11
23
501
435
11
23
500
437
11
23
498
439
11
23
498
440
11
23
497
440
11
23
497
440
11
23
497
440
11
23
497
439
11
23
496
439
11
23
495
439
11
23
492
439
11
23
490
439
11
23
487
439
11
23
484
439
11
23
481
439
11
23
479
439
11
23
476
439
11
23
473
439
11
23
470
439
11
23
467
439
11
23
464
439
11
23
461
439
11
23
458
439
11
23
455
439
11
23
452
439
11
23
444
440
11
23
441
440
11
23
438
440
11
23
436
440
11
23
434
440
11
23
433
439
11
23
433
438
11
23
433
437
11
23
433
437
11
23
434
436
11
23
434
435
11
23
436
434
11
23
437
433
11
23
438
432
11
23
440
431
11
23
442
431
11
23
443
430
11
23
443
429
11
23
443
428
11
23
443
429
11
23
443
428
11
23
443
428
11
23
444
427
11
23
445
428
11
23
446
428
11
23
446
429
11
23
447
429
11
23
446
429
11
23
444
429
11
23
441
429
11
23
438
429
11
23
435
429
11
23
432
429
11
23
429
429
11
23
426
429
11
23
423
429
11
23
420
429
11
23
418
429
11
23
416
430
11
23
415
431
11
23
415
431
11
23
408
433
11
23
406
433
11
23
405
433
11
23
405
435
11
23
405
435
11
23
405
437
11
23
406
439
11
23
405
441
11
23
404
442
11
23
403
444
11
23
402
446
11
23
400
446
11
23
398
447
11
23
396
449
11
23
395
451
11
23
394
452
11
23
392
453
11
23
391
453
11
23
389
453
11
23
387
453
11
23
384
453
11
23
383
453
11
23
381
451
11
23
379
453
11
23
382
453
11
23
385
453
11
23
388
453
11
23
