222
236
418
324
11
23
418
324
11
23
418
324
11
23
419
323
11
23
420
323
11
23
422
323
11
23
425
323
11
23
428
323
11
23
431
323
11
23
434
323
11
23
439
316
11
23
442
316
11
23
445
316
11
23
448
316
11
23
451
316
11
23
453
316
11
23
455
315
11
23
458
315
11
23
460
315
11
23
461
315
11
23
464
314
11
23
464
314
11
23
463
316
11
23
461
318
11
23
457
320
11
23
455
321
11
23
453
332
11
23
453
335
11
23
451
337
11
23
450
340
11
23
450
343
11
23
448
345
11
23
446
347
11
23
446
349
11
23
447
351
11
23
450
351
11
23
453
351
11
23
455
351
11
23
457
351
11
23
458
351
11
23
459
351
11
23
458
352
11
23
458
352
11
23
458
352
11
23
460
351
11
23
460
350
11
23
461
350
11
23
460
349
11
23
459
347
11
23
457
347
11
23
456
347
11
23
454
345
11
23
453
346
11
23
452
344
11
23
451
344
11
23
450
342
11
23
450
341
11
23
450
340
11
23
451
339
11
23
451
338
11
23
452
337
11
23
453
337
11
23
454
336
11
23
455
335
11
23
456
334
11
23
458
333
11
23
458
333
11
23
460
332
11
23
461
331
11
23
463
331
11
23
464
330
11
23
466
330
11
23
466
330
11
23
467
330
11
23
467
333
11
23
467
333
11
23
466
334
11
23
466
336
11
23
466
338
11
23
466
339
11
23
466
340
11
23
466
341
11
23
466
346
11
23
467
348
11
23
467
348
11
23
468
349
11
23
469
349
11
23
469
349
11
23
470
349
11
23
471
349
11
23
472
351
11
23
473
351
11
23
474
352
11
23
474
353
11
23
476
355
11
23
471
357
11
23
471
359
11
23
470
361
11
23
469
363
11
23
469
365
11
23
469
367
11
23
469
369
11
23
470
368
11
23
470
370
11
23
470
370
11
23
470
372
11
23
471
372
11
23
471
372
11
23
472
374
11
23
472
374
11
23
473
374
11
23
473
375
11
23
473
376
11
23
472
377
11
23
472
378
11
23
471
380
11
23
471
381
11
23
471
383
11
23
471
383
11
23
472
383
11
23
473
384
11
23
475
384
11
23
476
384
11
23
476
385
11
23
475
386
11
23
474
386
11
23
470
383
11
23
468
383
11
23
466
383
11
23
464
382
11
23
462
383
11
23
460
383
11
23
458
383
11
23
455
383
11
23
453
383
11
23
450
383
11
23
449
393
11
23
445
392
11
23
440
393
11
23
438
395
11
23
436
396
11
23
434
398
11
23
433
400
11
23
431
402
11
23
431
404
11
23
430
406
11
23
430
406
11
23
430
406
11
23
431
406
11
23
431
406
11
23
432
405
11
23
432
405
11
23
431
405
11
23
429
405
11
23
428
405
11
23
426
405
11
23
424
405
11
23
421
405
11
23
419
405
11
23
416
405
11
23
414
405
11
23
411
405
11
23
408
405
11
23
405
405
11
23
402
405
11
23
402
406
11
23
399
406
11
23
396
406
11
23
393
406
11
23
390
406
11
23
387
406
11
23
385
406
11
23
383
406
11
23
383
405
11
23
383
404
11
23
384
403
11
23
384
403
11
23
385
402
11
23
386
401
11
23
388
399
11
23
389
398
11
23
391
397
11
23
393
395
11
23
395
394
11
23
398
396
11
23
399
395
11
23
401
394
11
23
401
394
11
23
402
393
11
23
403
392
11
23
405
393
11
23
406
393
11
23
408
393
11
23
409
393
11
23
411
393
11
23
412
393
11
23
411
393
11
23
409
393
11
23
406
393
11
23
403
393
11
23
398
393
11
23
395
393
11
23
392
393
11
23
390
394
11
23
388
395
11
23
388
395
11
23
387
396
11
23
386
396
11
23
386
396
11
23
388
396
11
23
387
398
11
23
386
398
11
23
386
400
11
23
387
400
11
23
388
401
11
23
390
403
11
23
389
405
11
23
389
407
11
23
389
408
11
23
387
408
11
23
386
410
11
23
385
412
11
23
384
413
11
23
383
414
11
23
382
415
11
23
382
418
11
23
382
419
11
23
382
421
11
23
381
423
11
23
380
425
11
23
380
427
11
23
379
429
11
23
381
431
11
23
382
433
11
23
384
435
11
23
386
437
11
23
