252
206
688
59
11
23
686
61
11
23
684
63
11
23
683
65
11
23
682
67
11
23
684
69
11
23
685
69
11
23
686
69
11
23
687
69
11
23
687
68
11
23
686
68
11
23
685
68
11
23
684
68
11
23
682
68
11
23
683
68
11
23
682
68
11
23
681
68
11
23
679
68
11
23
677
68
11
23
674
68
11
23
671
68
11
23
668
68
11
23
665
68
11
23
663
68
11
23
661
68
11
23
660
68
11
23
658
66
11
23
657
65
11
23
657
65
11
23
656
65
11
23
656
64
11
23
656
63
11
23
656
63
11
23
655
69
11
23
655
69
11
23
655
68
11
23
654
68
11
23
655
68
11
23
655
68
11
23
655
68
11
23
655
67
11
23
655
67
11
23
654
68
11
23
654
68
11
23
653
70
11
23
652
70
11
23
650
72
11
23
649
74
11
23
647
76
11
23
646
78
11
23
645
79
11
23
644
80
11
23
644
82
11
23
644
84
11
23
643
86
11
23
642
87
11
23
642
87
11
23
641
87
11
23
641
88
11
23
641
91
11
23
640
89
11
23
640
91
11
23
640
93
11
23
640
94
11
23
638
96
11
23
636
98
11
23
635
100
11
23
633
102
11
23
631
104
11
23
630
106
11
23
629
108
11
23
628
109
11
23
627
111
11
23
627
111
11
23
628
120
11
23
627
122
11
23
627
123
11
23
627
125
11
23
627
125
11
23
626
127
11
23
626
129
11
23
625
130
11
23
624
132
11
23
622
134
11
23
621
134
11
23
619
134
11
23
618
136
11
23
617
138
11
23
616
138
11
23
616
140
11
23
615
141
11
23
615
141
11
23
615
143
11
23
614
145
11
23
612
147
11
23
610
149
11
23
607
149
11
23
604
149
11
23
601
149
11
23
598
149
11
23
595
149
11
23
593
150
11
23
590
150
11
23
585
150
11
23
582
150
11
23
579
157
11
23
576
157
11
23
571
161
11
23
570
163
11
23
562
164
11
23
560
166
11
23
555
169
11
23
553
171
11
23
551
173
11
23
550
175
11
23
547
174
11
23
547
176
11
23
546
176
11
23
545
176
11
23
544
176
11
23
544
177
11
23
544
178
11
23
543
178
11
23
541
179
11
23
539
179
11
23
536
179
11
23
533
179
11
23
530
179
11
23
525
182
11
23
522
182
11
23
519
182
11
23
513
183
11
23
510
183
11
23
507
183
11
23
504
183
11
23
501
183
11
23
498
183
11
23
491
187
11
23
488
187
11
23
485
187
11
23
482
187
11
23
480
187
11
23
477
187
11
23
476
187
11
23
475
186
11
23
475
186
11
23
475
186
11
23
476
185
11
23
477
185
11
23
478
184
11
23
478
183
11
23
480
183
11
23
482
182
11
23
484
182
11
23
485
182
11
23
485
182
11
23
486
182
11
23
485
183
11
23
485
183
11
23
485
183
11
23
486
183
11
23
486
184
11
23
487
184
11
23
487
185
11
23
488
185
11
23
487
184
11
23
485
184
11
23
483
186
11
23
480
186
11
23
475
188
11
23
472
188
11
23
469
188
11
23
469
188
11
23
467
188
11
23
465
189
11
23
463
189
11
23
461
190
11
23
460
191
11
23
460
192
11
23
460
192
11
23
459
194
11
23
459
195
11
23
458
196
11
23
458
198
11
23
457
199
11
23
458
201
11
23
455
201
11
23
455
203
11
23
453
204
11
23
452
206
11
23
450
206
11
23
448
206
11
23
447
207
11
23
444
207
11
23
442
208
11
23
441
210
11
23
440
211
11
23
439
212
11
23
438
214
11
23
436
216
11
23
435
218
11
23
434
220
11
23
436
221
11
23
436
223
11
23
437
225
11
23
439
227
11
23
