380
78
688
296
11
23
685
296
11
23
682
296
11
23
679
296
11
23
676
296
11
23
673
296
11
23
670
296
11
23
667
296
11
23
664
296
11
23
660
299
11
23
657
299
11
23
654
299
11
23
651
299
11
23
649
299
11
23
646
300
11
23
646
299
11
23
646
299
11
23
646
298
11
23
646
297
11
23
647
297
11
23
648
297
11
23
649
295
11
23
650
295
11
23
652
294
11
23
654
293
11
23
657
293
11
23
658
293
11
23
658
292
11
23
659
292
11
23
659
293
11
23
659
293
11
23
659
293
11
23
660
293
11
23
661
294
11
23
662
293
11
23
663
294
11
23
664
294
11
23
663
294
11
23
661
294
11
23
659
295
11
23
656
295
11
23
653
295
11
23
650
295
11
23
647
302
11
23
644
302
11
23
641
302
11
23
638
302
11
23
636
302
11
23
634
303
11
23
633
304
11
23
632
304
11
23
631
304
11
23
630
305
11
23
629
305
11
23
629
307
11
23
629
308
11
23
629
309
11
23
630
311
11
23
629
313
11
23
629
315
11
23
628
317
11
23
626
317
11
23
625
319
11
23
623
319
11
23
621
321
11
23
620
323
11
23
619
324
11
23
618
326
11
23
618
328
11
23
616
330
11
23
615
332
11
23
613
334
11
23
613
336
11
23
613
338
11
23
615
340
11
23
615
342
11
23
617
344
11
23
619
346
11
23
