0
257
420
158
14
20
429
157
14
20
433
153
14
20
435
151
14
20
435
149
14
20
433
147
14
20
425
141
14
20
420
141
14
20
417
135
14
20
411
133
14
20
408
133
14
20
405
133
14
20
403
131
14
20
401
129
14
20
400
128
14
20
399
126
14
20
397
126
14
20
396
125
14
20
396
124
14
20
396
123
14
20
396
123
14
20
396
123
14
20
395
123
14
20
395
122
14
20
393
120
14
20
391
119
14
20
389
119
14
20
387
117
14
20
385
117
14
20
384
115
14
20
382
115
14
20
380
115
14
20
377
115
14
20
374
115
14
20
372
115
14
20
369
115
14
20
367
115
14
20
365
117
14
20
362
117
14
20
356
117
14
20
353
117
14
20
350
117
14
20
345
122
14
20
338
123
14
20
328
122
14
20
326
122
14
20
320
124
14
20
315
122
14
20
315
123
14
20
306
126
14
20
303
127
14
20
301
129
14
20
299
131
14
20
297
132
14
20
294
136
14
20
289
140
14
20
287
142
14
20
285
148
14
20
281
153
14
20
279
155
14
20
275
158
14
20
271
163
14
20
270
163
14
20
268
162
14
20
267
163
14
20
265
163
14
20
264
163
14
20
264
163
14
20
264
163
14
20
261
171
14
20
262
173
14
20
264
173
14
20
266
175
14
20
269
175
14
20
272
175
14
20
275
175
14
20
277
176
14
20
279
177
14
20
280
177
14
20
280
177
14
20
278
177
14
20
275
177
14
20
272
177
14
20
269
177
14
20
268
173
14
20
266
171
14
20
265
171
14
20
265
171
14
20
265
169
14
20
265
167
14
20
265
167
14
20
266
165
14
20
267
163
14
20
268
162
14
20
270
160
14
20
272
158
14
20
274
156
14
20
277
156
14
20
279
154
14
20
281
152
14
20
287
148
14
20
292
146
14
20
295
146
14
20
297
144
14
20
299
142
14
20
301
140
14
20
301
140
14
20
301
138
14
20
301
136
14
20
298
136
14
20
297
134
14
20
296
132
14
20
294
130
14
20
291
130
14
20
288
130
14
20
285
130
14
20
282
130
14
20
279
130
14
20
277
130
14
20
274
130
14
20
271
130
14
20
268
130
14
20
266
130
14
20
264
130
14
20
265
130
14
20
263
130
14
20
261
130
14
20
258
130
14
20
255
130
14
20
252
130
14
20
249
130
14
20
246
130
14
20
241
129
14
20
240
127
14
20
240
125
14
20
242
123
14
20
243
121
14
20
244
120
14
20
245
119
14
20
245
117
14
20
245
115
14
20
246
114
14
20
248
112
14
20
246
110
14
20
246
110
14
20
245
110
14
20
245
108
14
20
244
108
14
20
242
108
14
20
240
108
14
20
237
108
14
20
234
108
14
20
231
108
14
20
228
108
14
20
225
108
14
20
223
107
14
20
220
107
14
20
217
107
14
20
214
107
14
20
211
107
14
20
208
107
14
20
205
107
14
20
202
107
14
20
200
105
14
20
197
105
14
20
195
105
14
20
194
103
14
20
191
103
14
20
189
103
14
20
187
102
14
20
186
102
14
20
184
102
14
20
181
102
14
20
179
101
14
20
176
101
14
20
173
101
14
20
171
100
14
20
169
99
14
20
167
98
14
20
166
98
14
20
164
97
14
20
162
97
14
20
160
96
14
20
157
96
14
20
155
94
14
20
152
94
14
20
149
94
14
20
146
94
14
20
143
94
14
20
141
92
14
20
139
92
14
20
137
91
14
20
135
91
14
20
133
89
14
20
131
89
14
20
129
89
14
20
128
87
14
20
126
87
14
20
124
87
14
20
122
86
14
20
120
86
14
20
117
86
14
20
117
85
14
20
117
85
14
20
117
83
14
20
118
83
14
20
119
81
14
20
120
81
14
20
121
79
14
20
122
77
14
20
124
75
14
20
126
73
14
20
127
71
14
20
128
71
14
20
126
64
14
20
125
63
14
20
124
61
14
20
122
59
14
20
120
57
14
20
117
57
14
20
115
55
14
20
112
55
14
20
106
51
14
20
100
52
14
20
97
52
14
20
91
47
14
20
83
44
14
20
80
44
14
20
78
43
14
20
70
42
14
20
68
41
14
20
60
40
14
20
58
38
14
20
55
38
14
20
52
38
14
20
45
32
14
20
43
31
14
20
35
29
14
20
32
29
14
20
29
29
14
20
23
21
14
20
21
19
14
20
12
20
14
20
10
18
14
20
8
16
14
20
6
14
14
20
4
13
14
20
2
13
14
20
1
12
14
20
0
10
14
20
0
8
14
20
0
7
14
20
0
5
14
20
0
4
14
20
0
4
14
20
0
1
14
20
0
1
14
20
