0
170
110
183
14
20
112
182
14
20
114
181
14
20
116
180
14
20
116
178
14
20
123
170
14
20
121
168
14
20
119
167
14
20
117
165
14
20
115
163
14
20
113
161
14
20
111
159
14
20
109
157
14
20
108
155
14
20
107
154
14
20
107
153
14
20
106
153
14
20
107
152
14
20
107
151
14
20
107
150
14
20
107
149
14
20
108
148
14
20
108
147
14
20
109
146
14
20
107
144
14
20
106
142
14
20
104
140
14
20
104
139
14
20
103
138
14
20
103
137
14
20
101
136
14
20
99
136
14
20
96
136
14
20
94
136
14
20
84
134
14
20
82
135
14
20
80
135
14
20
78
137
14
20
75
137
14
20
73
138
14
20
70
138
14
20
67
138
14
20
64
138
14
20
61
138
14
20
55
145
14
20
49
143
14
20
46
143
14
20
41
147
14
20
35
146
14
20
32
146
14
20
30
147
14
20
29
149
14
20
28
151
14
20
28
158
14
20
25
163
14
20
25
165
14
20
21
169
14
20
21
171
14
20
19
173
14
20
17
174
14
20
9
180
14
20
7
182
14
20
6
184
14
20
4
185
14
20
3
186
14
20
1
186
14
20
1
186
14
20
1
186
14
20
1
187
14
20
3
191
14
20
5
191
14
20
7
192
14
20
9
192
14
20
14
193
14
20
17
193
14
20
20
193
14
20
23
193
14
20
26
193
14
20
27
193
14
20
28
193
14
20
29
197
14
20
27
196
14
20
24
196
14
20
22
195
14
20
15
189
14
20
14
187
14
20
14
185
14
20
14
185
14
20
14
183
14
20
14
183
14
20
15
181
14
20
16
179
14
20
20
182
14
20
22
180
14
20
24
180
14
20
26
178
14
20
28
176
14
20
31
176
14
20
33
174
14
20
41
172
14
20
44
172
14
20
49
168
14
20
52
168
14
20
54
167
14
20
57
167
14
20
59
165
14
20
61
165
14
20
61
163
14
20
60
161
14
20
59
159
14
20
58
157
14
20
57
155
14
20
56
154
14
20
54
152
14
20
51
152
14
20
48
152
14
20
46
152
14
20
44
152
14
20
42
152
14
20
39
152
14
20
37
153
14
20
35
153
14
20
33
153
14
20
32
153
14
20
31
153
14
20
29
153
14
20
28
153
14
20
25
153
14
20
23
153
14
20
20
153
14
20
17
153
14
20
15
151
14
20
13
151
14
20
13
149
14
20
14
147
14
20
16
145
14
20
18
144
14
20
20
143
14
20
22
141
14
20
23
139
14
20
23
139
14
20
24
138
14
20
31
137
14
20
32
137
14
20
33
137
14
20
33
137
14
20
34
137
14
20
33
137
14
20
32
137
14
20
31
137
14
20
29
137
14
20
27
137
14
20
29
132
14
20
26
132
14
20
23
132
14
20
21
132
14
20
19
132
14
20
16
132
14
20
13
132
14
20
11
132
14
20
9
132
14
20
6
132
14
20
3
132
14
20
3
130
14
20
1
130
14
20
0
130
14
20
0
130
14
20
0
130
14
20
0
130
14
20
0
130
14
20
