0
277
684
91
14
20
688
87
14
20
688
84
14
20
688
82
14
20
688
78
14
20
688
76
14
20
686
74
14
20
688
71
14
20
685
71
14
20
683
69
14
20
681
69
14
20
679
67
14
20
676
62
14
20
675
60
14
20
674
59
14
20
674
57
14
20
673
57
14
20
673
56
14
20
673
56
14
20
674
55
14
20
675
54
14
20
676
53
14
20
676
53
14
20
677
52
14
20
676
51
14
20
675
51
14
20
674
49
14
20
673
49
14
20
671
49
14
20
670
49
14
20
668
49
14
20
667
49
14
20
665
50
14
20
662
50
14
20
660
50
14
20
658
52
14
20
657
54
14
20
655
56
14
20
652
56
14
20
649
56
14
20
647
58
14
20
644
58
14
20
642
60
14
20
633
62
14
20
635
61
14
20
625
61
14
20
618
63
14
20
615
66
14
20
608
65
14
20
605
65
14
20
603
66
14
20
601
68
14
20
600
74
14
20
598
76
14
20
596
78
14
20
594
82
14
20
592
84
14
20
590
86
14
20
587
96
14
20
585
98
14
20
583
100
14
20
581
102
14
20
579
104
14
20
577
106
14
20
576
107
14
20
574
107
14
20
573
107
14
20
573
108
14
20
574
109
14
20
575
109
14
20
577
111
14
20
580
111
14
20
583
111
14
20
588
118
14
20
592
121
14
20
596
123
14
20
599
123
14
20
602
123
14
20
604
123
14
20
605
123
14
20
604
124
14
20
602
122
14
20
599
122
14
20
596
122
14
20
593
122
14
20
593
120
14
20
593
120
14
20
593
120
14
20
593
118
14
20
594
118
14
20
595
116
14
20
596
114
14
20
597
112
14
20
599
110
14
20
601
110
14
20
606
108
14
20
609
108
14
20
612
108
14
20
613
101
14
20
619
102
14
20
622
102
14
20
627
95
14
20
630
95
14
20
633
95
14
20
636
95
14
20
639
95
14
20
640
95
14
20
640
95
14
20
639
95
14
20
638
95
14
20
637
96
14
20
636
94
14
20
635
94
14
20
633
93
14
20
630
93
14
20
627
93
14
20
624
93
14
20
624
96
14
20
622
96
14
20
620
96
14
20
618
96
14
20
616
96
14
20
614
98
14
20
613
98
14
20
612
99
14
20
610
99
14
20
609
99
14
20
607
99
14
20
605
100
14
20
603
100
14
20
600
100
14
20
598
95
14
20
596
95
14
20
596
94
14
20
597
94
14
20
599
92
14
20
601
91
14
20
603
89
14
20
604
88
14
20
605
86
14
20
606
85
14
20
608
83
14
20
609
82
14
20
610
82
14
20
612
80
14
20
612
80
14
20
613
80
14
20
612
80
14
20
612
80
14
20
611
80
14
20
609
81
14
20
607
81
14
20
605
81
14
20
602
81
14
20
599
81
14
20
597
81
14
20
594
81
14
20
592
80
14
20
590
80
14
20
587
80
14
20
585
80
14
20
582
80
14
20
579
80
14
20
577
80
14
20
574
80
14
20
572
80
14
20
571
79
14
20
569
79
14
20
568
79
14
20
565
79
14
20
564
79
14
20
562
80
14
20
564
76
14
20
562
77
14
20
559
77
14
20
557
79
14
20
554
79
14
20
552
79
14
20
550
80
14
20
549
80
14
20
548
80
14
20
546
81
14
20
545
81
14
20
543
81
14
20
542
80
14
20
540
80
14
20
538
80
14
20
536
80
14
20
534
79
14
20
533
78
14
20
531
78
14
20
530
78
14
20
528
77
14
20
527
79
14
20
525
78
14
20
524
77
14
20
523
76
14
20
522
74
14
20
519
74
14
20
517
72
14
20
515
71
14
20
513
71
14
20
513
69
14
20
514
68
14
20
514
67
14
20
515
67
14
20
516
65
14
20
517
65
14
20
520
65
14
20
521
63
14
20
521
60
14
20
523
60
14
20
525
58
14
20
524
59
14
20
525
57
14
20
525
56
14
20
524
54
14
20
522
54
14
20
520
53
14
20
517
54
14
20
514
54
14
20
511
54
14
20
508
54
14
20
505
54
14
20
496
50
14
20
490
53
14
20
485
52
14
20
483
49
14
20
480
49
14
20
473
50
14
20
467
50
14
20
464
50
14
20
461
50
14
20
459
48
14
20
451
46
14
20
446
45
14
20
443
45
14
20
436
40
14
20
438
40
14
20
429
37
14
20
426
37
14
20
423
37
14
20
420
37
14
20
418
35
14
20
415
35
14
20
411
25
14
20
410
24
14
20
409
24
14
20
408
23
14
20
408
21
14
20
407
20
14
20
407
20
14
20
407
19
14
20
407
19
14
20
407
19
14
20
407
16
14
20
405
15
14
20
404
15
14
20
402
14
14
20
399
14
14
20
397
12
14
20
388
11
14
20
385
11
14
20
386
13
14
20
376
7
14
20
376
7
14
20
366
5
14
20
365
6
14
20
351
0
14
20
343
1
14
20
342
3
14
20
330
1
14
20
321
0
14
20
316
2
14
20
309
0
14
20
311
2
14
20
308
2
14
20
