48
53
673
355
14
20
671
355
14
20
669
354
14
20
667
356
14
20
666
364
14
20
665
366
14
20
664
368
14
20
662
369
14
20
657
379
14
20
655
381
14
20
653
383
14
20
651
385
14
20
649
387
14
20
644
399
14
20
642
400
14
20
640
402
14
20
639
403
14
20
638
404
14
20
637
405
14
20
637
406
14
20
638
406
14
20
639
408
14
20
641
409
14
20
643
410
14
20
646
410
14
20
649
410
14
20
652
410
14
20
663
418
14
20
666
418
14
20
669
418
14
20
671
419
14
20
672
419
14
20
670
418
14
20
668
416
14
20
665
416
14
20
660
420
14
20
657
420
14
20
656
419
14
20
656
419
14
20
656
419
14
20
657
419
14
20
659
418
14
20
660
418
14
20
661
416
14
20
663
416
14
20
664
414
14
20
666
413
14
20
668
411
14
20
671
411
14
20
674
411
14
20
681
402
14
20
683
400
14
20
686
400
14
20
