122
310
687
398
14
20
686
398
14
20
685
398
14
20
683
398
14
20
682
400
14
20
680
401
14
20
678
401
14
20
676
401
14
20
674
399
14
20
672
397
14
20
670
397
14
20
670
396
14
20
671
394
14
20
673
392
14
20
675
391
14
20
678
391
14
20
679
390
14
20
681
390
14
20
682
389
14
20
683
388
14
20
684
387
14
20
685
385
14
20
686
386
14
20
686
386
14
20
687
384
14
20
687
384
14
20
683
389
14
20
682
389
14
20
681
391
14
20
680
392
14
20
678
391
14
20
675
391
14
20
672
391
14
20
670
391
14
20
668
391
14
20
666
391
14
20
664
392
14
20
661
392
14
20
659
393
14
20
657
394
14
20
655
393
14
20
653
391
14
20
650
391
14
20
648
393
14
20
646
393
14
20
644
393
14
20
643
393
14
20
641
392
14
20
640
392
14
20
639
392
14
20
637
390
14
20
635
390
14
20
633
390
14
20
631
389
14
20
628
389
14
20
626
389
14
20
624
390
14
20
623
390
14
20
622
390
14
20
621
390
14
20
620
389
14
20
618
389
14
20
617
387
14
20
614
387
14
20
612
387
14
20
609
387
14
20
607
386
14
20
606
391
14
20
604
391
14
20
602
391
14
20
600
391
14
20
599
391
14
20
597
391
14
20
596
391
14
20
594
389
14
20
592
389
14
20
590
389
14
20
587
389
14
20
585
389
14
20
582
389
14
20
582
388
14
20
582
387
14
20
582
387
14
20
583
386
14
20
584
385
14
20
591
386
14
20
591
382
14
20
592
381
14
20
594
380
14
20
596
380
14
20
598
378
14
20
599
376
14
20
600
375
14
20
600
374
14
20
599
373
14
20
597
373
14
20
595
373
14
20
592
373
14
20
589
373
14
20
586
372
14
20
586
371
14
20
576
369
14
20
575
372
14
20
569
370
14
20
563
374
14
20
560
369
14
20
556
367
14
20
549
369
14
20
544
367
14
20
541
367
14
20
535
362
14
20
532
362
14
20
533
364
14
20
530
364
14
20
519
359
14
20
522
359
14
20
512
358
14
20
505
353
14
20
505
353
14
20
502
353
14
20
499
353
14
20
496
353
14
20
494
352
14
20
492
351
14
20
491
352
14
20
487
346
14
20
486
344
14
20
485
344
14
20
484
344
14
20
484
343
14
20
484
342
14
20
484
343
14
20
483
341
14
20
482
340
14
20
481
339
14
20
479
339
14
20
477
338
14
20
474
338
14
20
471
338
14
20
469
334
14
20
466
334
14
20
462
331
14
20
455
331
14
20
449
333
14
20
443
332
14
20
435
327
14
20
428
326
14
20
419
323
14
20
412
326
14
20
412
327
14
20
400
321
14
20
395
323
14
20
386
318
14
20
381
320
14
20
377
318
14
20
372
318
14
20
370
316
14
20
367
316
14
20
364
316
14
20
363
314
14
20
361
314
14
20
360
314
14
20
357
314
14
20
354
314
14
20
351
314
14
20
348
314
14
20
345
314
14
20
342
314
14
20
339
314
14
20
336
314
14
20
333
314
14
20
330
314
14
20
327
314
14
20
325
314
14
20
324
314
14
20
323
314
14
20
324
314
14
20
325
312
14
20
325
312
14
20
326
311
14
20
326
311
14
20
331
311
14
20
330
311
14
20
328
311
14
20
326
311
14
20
325
311
14
20
324
311
14
20
324
311
14
20
325
312
14
20
326
312
14
20
328
313
14
20
331
313
14
20
333
313
14
20
336
313
14
20
338
313
14
20
340
313
14
20
341
313
14
20
342
313
14
20
343
313
14
20
345
312
14
20
347
312
14
20
349
312
14
20
352
312
14
20
354
312
14
20
357
312
14
20
359
312
14
20
361
312
14
20
363
312
14
20
365
311
14
20
366
311
14
20
367
311
14
20
367
311
14
20
366
311
14
20
365
311
14
20
364
311
14
20
362
311
14
20
361
311
14
20
360
311
14
20
358
311
14
20
357
309
14
20
355
309
14
20
353
309
14
20
354
308
14
20
351
308
14
20
348
308
14
20
346
306
14
20
343
306
14
20
340
306
14
20
338
306
14
20
337
306
14
20
335
306
14
20
335
307
14
20
336
307
14
20
337
308
14
20
339
309
14
20
341
309
14
20
343
310
14
20
345
310
14
20
346
310
14
20
347
311
14
20
348
312
14
20
349
321
14
20
349
322
14
20
349
322
14
20
350
324
14
20
352
326
14
20
355
326
14
20
358
326
14
20
365
324
14
20
371
328
14
20
375
329
14
20
381
327
14
20
389
331
14
20
398
330
14
20
400
330
14
20
406
330
14
20
414
329
14
20
418
329
14
20
425
329
14
20
428
329
14
20
431
329
14
20
434
329
14
20
436
329
14
20
438
329
14
20
441
329
14
20
444
329
14
20
447
329
14
20
449
329
14
20
452
329
14
20
454
327
14
20
457
327
14
20
460
327
14
20
463
327
14
20
466
327
14
20
470
321
14
20
473
321
14
20
481
321
14
20
484
321
14
20
487
321
14
20
490
321
14
20
493
321
14
20
496
321
14
20
499
321
14
20
502
321
14
20
505
321
14
20
507
320
14
20
507
320
14
20
506
319
14
20
504
319
14
20
501
319
14
20
498
319
14
20
495
319
14
20
492
319
14
20
490
317
14
20
490
317
14
20
491
315
14
20
491
315
14
20
493
317
14
20
495
317
14
20
498
317
14
20
501
317
14
20
504
317
14
20
507
317
14
20
510
317
14
20
513
317
14
20
516
317
14
20
518
317
14
20
518
316
14
20
517
316
14
20
514
316
14
20
