122
310
679
380
14
20
678
380
14
20
677
380
14
20
675
382
14
20
674
382
14
20
672
382
14
20
670
382
14
20
668
382
14
20
665
382
14
20
663
380
14
20
662
378
14
20
662
376
14
20
663
375
14
20
665
373
14
20
668
381
14
20
670
380
14
20
671
380
14
20
672
378
14
20
673
377
14
20
674
376
14
20
675
376
14
20
677
375
14
20
678
375
14
20
678
375
14
20
679
375
14
20
678
375
14
20
678
374
14
20
677
374
14
20
675
373
14
20
673
373
14
20
671
374
14
20
668
374
14
20
665
374
14
20
663
374
14
20
661
375
14
20
659
375
14
20
657
375
14
20
654
375
14
20
652
375
14
20
650
377
14
20
647
377
14
20
645
377
14
20
643
377
14
20
641
377
14
20
639
377
14
20
637
377
14
20
636
376
14
20
634
376
14
20
633
376
14
20
631
377
14
20
629
377
14
20
627
377
14
20
625
377
14
20
623
377
14
20
621
376
14
20
621
378
14
20
619
378
14
20
618
378
14
20
616
378
14
20
615
378
14
20
613
379
14
20
611
378
14
20
609
377
14
20
606
377
14
20
604
377
14
20
601
377
14
20
599
377
14
20
598
375
14
20
596
375
14
20
595
374
14
20
593
374
14
20
591
374
14
20
590
373
14
20
588
373
14
20
587
371
14
20
585
371
14
20
583
371
14
20
581
371
14
20
579
371
14
20
576
371
14
20
576
369
14
20
576
368
14
20
577
366
14
20
578
366
14
20
579
366
14
20
580
366
14
20
582
366
14
20
584
366
14
20
586
364
14
20
588
364
14
20
590
364
14
20
591
363
14
20
591
362
14
20
591
361
14
20
590
360
14
20
588
359
14
20
580
360
14
20
577
360
14
20
574
360
14
20
574
360
14
20
575
359
14
20
563
358
14
20
562
356
14
20
555
356
14
20
549
360
14
20
546
356
14
20
542
356
14
20
534
356
14
20
531
356
14
20
528
351
14
20
525
351
14
20
522
351
14
20
515
347
14
20
512
347
14
20
509
347
14
20
504
342
14
20
500
341
14
20
500
342
14
20
497
342
14
20
486
337
14
20
483
337
14
20
480
337
14
20
477
337
14
20
475
335
14
20
473
337
14
20
471
338
14
20
469
336
14
20
468
335
14
20
467
334
14
20
466
334
14
20
466
334
14
20
466
334
14
20
465
332
14
20
467
324
14
20
465
322
14
20
463
320
14
20
461
320
14
20
458
320
14
20
455
320
14
20
451
322
14
20
452
322
14
20
441
321
14
20
435
320
14
20
429
319
14
20
422
318
14
20
413
317
14
20
412
317
14
20
403
312
14
20
394
313
14
20
385
307
14
20
379
312
14
20
378
312
14
20
375
312
14
20
360
308
14
20
356
307
14
20
351
303
14
20
348
303
14
20
345
303
14
20
342
303
14
20
340
303
14
20
337
303
14
20
335
303
14
20
332
303
14
20
329
303
14
20
326
303
14
20
323
303
14
20
320
303
14
20
317
303
14
20
314
303
14
20
311
303
14
20
308
303
14
20
306
303
14
20
303
303
14
20
301
303
14
20
300
301
14
20
299
301
14
20
299
301
14
20
299
301
14
20
299
302
14
20
300
300
14
20
300
300
14
20
300
300
14
20
299
300
14
20
297
300
14
20
295
300
14
20
294
300
14
20
293
299
14
20
293
299
14
20
294
299
14
20
296
299
14
20
298
299
14
20
301
299
14
20
303
299
14
20
306
299
14
20
308
299
14
20
310
299
14
20
310
301
14
20
311
301
14
20
312
301
14
20
314
301
14
20
315
301
14
20
316
301
14
20
318
302
14
20
320
302
14
20
322
302
14
20
324
302
14
20
326
302
14
20
328
302
14
20
330
302
14
20
331
303
14
20
332
302
14
20
332
302
14
20
331
302
14
20
330
302
14
20
329
300
14
20
327
300
14
20
326
300
14
20
325
300
14
20
324
301
14
20
322
301
14
20
320
301
14
20
317
301
14
20
315
301
14
20
312
301
14
20
309
301
14
20
306
301
14
20
303
301
14
20
301
301
14
20
299
301
14
20
297
303
14
20
296
303
14
20
295
305
14
20
296
306
14
20
298
306
14
20
300
307
14
20
302
307
14
20
304
308
14
20
309
313
14
20
310
315
14
20
311
314
14
20
312
315
14
20
313
317
14
20
313
317
14
20
314
317
14
20
315
319
14
20
317
319
14
20
320
319
14
20
323
319
14
20
326
319
14
20
334
325
14
20
340
327
14
20
342
327
14
20
351
326
14
20
353
326
14
20
366
326
14
20
372
325
14
20
377
327
14
20
384
328
14
20
384
327
14
20
387
327
14
20
390
327
14
20
393
327
14
20
396
327
14
20
399
327
14
20
402
327
14
20
405
327
14
20
408
327
14
20
411
327
14
20
413
327
14
20
416
327
14
20
419
327
14
20
426
324
14
20
429
324
14
20
432
324
14
20
435
324
14
20
438
324
14
20
448
322
14
20
451
322
14
20
454
322
14
20
457
322
14
20
460
322
14
20
463
322
14
20
466
322
14
20
468
320
14
20
471
320
14
20
473
320
14
20
474
320
14
20
473
320
14
20
471
320
14
20
469
322
14
20
466
322
14
20
463
322
14
20
460
322
14
20
459
322
14
20
460
321
14
20
461
321
14
20
462
322
14
20
464
320
14
20
466
320
14
20
469
320
14
20
472
320
14
20
473
321
14
20
476
321
14
20
478
323
14
20
481
323
14
20
480
321
14
20
481
322
14
20
482
322
14
20
481
322
14
20
480
322
14
20
