180
252
686
391
14
20
685
391
14
20
683
391
14
20
681
391
14
20
680
391
14
20
678
391
14
20
676
391
14
20
674
391
14
20
672
391
14
20
670
390
14
20
668
390
14
20
666
388
14
20
664
388
14
20
662
388
14
20
661
388
14
20
660
387
14
20
659
386
14
20
657
386
14
20
656
385
14
20
654
385
14
20
652
385
14
20
650
385
14
20
649
385
14
20
650
383
14
20
651
383
14
20
652
381
14
20
653
381
14
20
653
379
14
20
654
379
14
20
656
378
14
20
663
370
14
20
665
369
14
20
667
367
14
20
668
365
14
20
669
364
14
20
669
363
14
20
669
362
14
20
668
360
14
20
666
358
14
20
663
358
14
20
660
358
14
20
657
358
14
20
654
358
14
20
646
358
14
20
646
360
14
20
638
354
14
20
630
352
14
20
627
352
14
20
624
352
14
20
617
350
14
20
615
349
14
20
613
347
14
20
606
346
14
20
603
346
14
20
598
343
14
20
595
343
14
20
589
340
14
20
586
340
14
20
586
342
14
20
578
334
14
20
575
334
14
20
569
330
14
20
567
328
14
20
564
328
14
20
562
326
14
20
560
324
14
20
559
322
14
20
558
322
14
20
558
322
14
20
557
320
14
20
556
318
14
20
555
318
14
20
555
317
14
20
555
316
14
20
554
314
14
20
553
313
14
20
551
311
14
20
549
310
14
20
547
308
14
20
544
308
14
20
542
306
14
20
538
310
14
20
539
308
14
20
527
309
14
20
527
309
14
20
517
304
14
20
516
306
14
20
501
302
14
20
499
302
14
20
488
296
14
20
486
295
14
20
470
295
14
20
468
294
14
20
460
294
14
20
455
293
14
20
454
294
14
20
452
292
14
20
438
288
14
20
436
286
14
20
433
286
14
20
430
286
14
20
428
285
14
20
426
285
14
20
425
285
14
20
423
283
14
20
421
281
14
20
418
281
14
20
416
280
14
20
413
280
14
20
410
280
14
20
407
280
14
20
404
280
14
20
401
280
14
20
398
280
14
20
395
280
14
20
393
280
14
20
392
280
14
20
391
281
14
20
391
281
14
20
392
281
14
20
393
281
14
20
394
280
14
20
394
280
14
20
394
280
14
20
393
280
14
20
392
278
14
20
390
278
14
20
389
278
14
20
388
277
14
20
388
277
14
20
390
276
14
20
391
276
14
20
393
276
14
20
395
276
14
20
397
276
14
20
400
276
14
20
402
276
14
20
404
276
14
20
407
270
14
20
408
270
14
20
410
270
14
20
411
270
14
20
413
270
14
20
415
270
14
20
417
270
14
20
420
270
14
20
422
270
14
20
424
270
14
20
426
270
14
20
427
270
14
20
430
270
14
20
431
270
14
20
432
270
14
20
432
270
14
20
432
270
14
20
431
270
14
20
430
270
14
20
428
270
14
20
427
270
14
20
426
270
14
20
425
270
14
20
423
270
14
20
422
270
14
20
419
270
14
20
417
270
14
20
414
270
14
20
411
270
14
20
408
270
14
20
405
270
14
20
403
270
14
20
401
270
14
20
399
270
14
20
397
270
14
20
396
271
14
20
397
271
14
20
399
272
14
20
401
273
14
20
403
274
14
20
405
275
14
20
410
277
14
20
412
278
14
20
413
279
14
20
414
280
14
20
415
281
14
20
415
282
14
20
416
283
14
20
417
284
14
20
420
284
14
20
422
285
14
20
425
285
14
20
428
285
14
20
436
284
14
20
443
286
14
20
448
288
14
20
451
288
14
20
462
287
14
20
466
288
14
20
469
288
14
20
480
288
14
20
483
288
14
20
486
288
14
20
489
288
14
20
492
288
14
20
495
288
14
20
497
288
14
20
500
288
14
20
503
288
14
20
506
288
14
20
509
288
14
20
512
288
14
20
515
288
14
20
518
288
14
20
521
288
14
20
530
288
14
20
533
288
14
20
536
288
14
20
539
288
14
20
542
288
14
20
545
288
14
20
548
288
14
20
551
288
14
20
554
288
14
20
557
288
14
20
559
286
14
20
562
286
14
20
565
286
14
20
568
286
14
20
569
285
14
20
570
285
14
20
569
285
14
20
567
285
14
20
564
285
14
20
561
285
14
20
558
285
14
20
556
285
14
20
554
285
14
20
554
285
14
20
555
284
14
20
556
284
14
20
559
284
14
20
561
284
14
20
564
284
14
20
567
284
14
20
570
284
14
20
573
284
14
20
576
284
14
20
579
284
14
20
582
284
14
20
584
284
14
20
584
284
14
20
583
284
14
20
580
284
14
20
