48
54
673
340
14
20
671
341
14
20
669
341
14
20
667
343
14
20
665
345
14
20
664
347
14
20
662
361
14
20
660
363
14
20
658
365
14
20
656
367
14
20
652
376
14
20
650
378
14
20
648
380
14
20
646
382
14
20
644
383
14
20
642
385
14
20
641
385
14
20
640
396
14
20
639
397
14
20
639
398
14
20
640
400
14
20
641
402
14
20
643
404
14
20
645
405
14
20
648
405
14
20
651
405
14
20
654
405
14
20
657
405
14
20
660
405
14
20
663
405
14
20
665
406
14
20
666
406
14
20
665
406
14
20
664
411
14
20
661
411
14
20
658
411
14
20
655
411
14
20
654
411
14
20
654
410
14
20
654
410
14
20
656
402
14
20
657
400
14
20
658
399
14
20
660
399
14
20
662
399
14
20
664
397
14
20
666
395
14
20
669
395
14
20
672
395
14
20
675
395
14
20
678
395
14
20
681
395
14
20
684
395
14
20
687
395
14
20
