227
118
324
455
14
20
322
455
14
20
310
447
14
20
308
445
14
20
305
450
14
20
300
449
14
20
300
449
14
20
292
443
14
20
291
442
14
20
279
443
14
20
275
438
14
20
275
436
14
20
265
433
14
20
265
431
14
20
257
433
14
20
257
433
14
20
249
428
14
20
246
428
14
20
243
428
14
20
240
428
14
20
238
428
14
20
236
428
14
20
234
426
14
20
232
426
14
20
231
424
14
20
230
424
14
20
229
422
14
20
227
422
14
20
225
421
14
20
223
420
14
20
221
419
14
20
218
419
14
20
215
419
14
20
212
419
14
20
203
413
14
20
202
412
14
20
193
410
14
20
191
410
14
20
180
408
14
20
178
407
14
20
163
405
14
20
153
410
14
20
143
403
14
20
139
401
14
20
134
403
14
20
124
399
14
20
121
399
14
20
118
399
14
20
101
402
14
20
101
403
14
20
89
394
14
20
86
394
14
20
83
394
14
20
80
394
14
20
78
394
14
20
75
394
14
20
73
394
14
20
70
394
14
20
67
394
14
20
64
394
14
20
61
394
14
20
54
388
14
20
54
388
14
20
51
388
14
20
49
387
14
20
36
389
14
20
33
389
14
20
30
389
14
20
27
389
14
20
26
389
14
20
24
389
14
20
24
389
14
20
24
389
14
20
24
389
14
20
24
389
14
20
24
389
14
20
23
389
14
20
21
389
14
20
19
389
14
20
17
389
14
20
14
389
14
20
8
383
14
20
7
383
14
20
7
383
14
20
8
383
14
20
9
383
14
20
10
383
14
20
11
383
14
20
13
383
14
20
14
383
14
20
15
382
14
20
16
382
14
20
16
382
14
20
16
382
14
20
16
382
14
20
17
383
14
20
18
383
14
20
19
383
14
20
21
383
14
20
23
383
14
20
24
383
14
20
25
383
14
20
25
383
14
20
26
383
14
20
26
382
14
20
26
382
14
20
25
382
14
20
24
382
14
20
22
382
14
20
20
382
14
20
17
382
14
20
15
382
14
20
13
382
14
20
11
382
14
20
8
382
14
20
5
382
14
20
2
382
14
20
0
381
14
20
