381
51
30
404
14
20
32
403
14
20
34
403
14
20
35
403
14
20
37
403
14
20
39
403
14
20
41
403
14
20
43
403
14
20
44
403
14
20
46
403
14
20
48
401
14
20
50
401
14
20
52
399
14
20
55
399
14
20
57
399
14
20
60
399
14
20
69
394
14
20
72
394
14
20
75
394
14
20
78
394
14
20
81
394
14
20
84
394
14
20
86
393
14
20
88
393
14
20
90
391
14
20
92
391
14
20
93
390
14
20
93
390
14
20
92
390
14
20
89
390
14
20
86
390
14
20
86
392
14
20
83
392
14
20
80
392
14
20
77
392
14
20
77
390
14
20
77
388
14
20
77
388
14
20
79
388
14
20
81
388
14
20
83
388
14
20
86
388
14
20
89
388
14
20
92
388
14
20
95
388
14
20
98
388
14
20
101
388
14
20
101
388
14
20
102
388
14
20
100
386
14
20
97
386
14
20
