0
451
224
228
10
19
221
228
10
19
219
228
10
19
214
233
10
19
215
235
10
19
217
237
10
19
219
239
10
19
221
241
10
19
224
244
10
19
232
247
10
19
233
248
10
19
238
254
10
19
241
254
10
19
244
263
10
19
246
265
10
19
248
267
10
19
250
269
10
19
252
271
10
19
257
284
10
19
259
286
10
19
261
288
10
19
263
290
10
19
265
292
10
19
266
291
10
19
266
293
10
19
267
293
10
19
268
295
10
19
268
295
10
19
268
297
10
19
266
296
10
19
267
297
10
19
267
300
10
19
268
298
10
19
269
296
10
19
270
294
10
19
271
292
10
19
277
287
10
19
277
287
10
19
277
285
10
19
278
283
10
19
278
282
10
19
278
282
10
19
277
280
10
19
277
278
10
19
277
276
10
19
276
276
10
19
275
276
10
19
274
276
10
19
273
275
10
19
268
276
10
19
266
276
10
19
263
276
10
19
261
276
10
19
258
276
10
19
256
277
10
19
254
277
10
19
252
277
10
19
249
277
10
19
246
277
10
19
243
277
10
19
240
277
10
19
237
277
10
19
230
288
10
19
227
288
10
19
224
288
10
19
221
288
10
19
222
289
10
19
215
294
10
19
213
296
10
19
208
296
10
19
209
297
10
19
201
301
10
19
199
301
10
19
198
303
10
19
197
304
10
19
195
305
10
19
195
305
10
19
196
305
10
19
197
305
10
19
199
305
10
19
201
305
10
19
203
305
10
19
204
304
10
19
205
304
10
19
206
304
10
19
207
304
10
19
208
303
10
19
209
303
10
19
210
303
10
19
210
302
10
19
210
302
10
19
209
301
10
19
208
299
10
19
207
298
10
19
206
297
10
19
204
297
10
19
202
297
10
19
201
297
10
19
200
296
10
19
200
296
10
19
200
296
10
19
200
296
10
19
202
295
10
19
203
295
10
19
204
295
10
19
205
294
10
19
205
296
10
19
204
297
10
19
204
299
10
19
203
301
10
19
202
303
10
19
200
305
10
19
196
314
10
19
196
317
10
19
188
316
10
19
188
317
10
19
186
319
10
19
173
316
10
19
170
316
10
19
167
316
10
19
164
316
10
19
162
316
10
19
160
315
10
19
159
314
10
19
158
312
10
19
158
310
10
19
156
310
10
19
154
312
10
19
161
312
10
19
161
310
10
19
160
305
10
19
160
303
10
19
161
301
10
19
159
302
10
19
162
297
10
19
167
288
10
19
167
285
10
19
170
285
10
19
169
280
10
19
173
276
10
19
178
270
10
19
179
266
10
19
183
259
10
19
184
252
10
19
182
250
10
19
184
240
10
19
183
242
10
19
189
231
10
19
189
228
10
19
187
230
10
19
195
224
10
19
197
222
10
19
199
220
10
19
201
221
10
19
208
216
10
19
211
216
10
19
214
216
10
19
216
218
10
19
221
211
10
19
223
210
10
19
225
208
10
19
227
206
10
19
228
200
10
19
229
198
10
19
232
190
10
19
232
187
10
19
232
184
10
19
230
182
10
19
229
178
10
19
227
176
10
19
225
174
10
19
223
173
10
19
221
171
10
19
219
169
10
19
217
167
10
19
209
164
10
19
206
164
10
19
203
164
10
19
200
164
10
19
199
165
10
19
196
165
10
19
194
166
10
19
196
166
10
19
198
164
10
19
200
164
10
19
202
164
10
19
200
165
10
19
200
164
10
19
210
156
10
19
212
156
10
19
215
156
10
19
218
156
10
19
221
156
10
19
223
155
10
19
225
153
10
19
233
150
10
19
236
150
10
19
238
149
10
19
241
149
10
19
243
149
10
19
246
149
10
19
252
146
10
19
255
146
10
19
257
148
10
19
260
148
10
19
261
147
10
19
262
146
10
19
268
142
10
19
269
142
10
19
270
142
10
19
268
142
10
19
267
143
10
19
267
143
10
19
264
143
10
19
262
142
10
19
260
142
10
19
260
139
10
19
258
139
10
19
257
139
10
19
257
139
10
19
255
139
10
19
256
139
10
19
259
139
10
19
264
138
10
19
272
135
10
19
282
138
10
19
285
138
10
19
301
132
10
19
305
139
10
19
318
140
10
19
318
143
10
19
330
144
10
19
331
143
10
19
342
140
10
19
352
145
10
19
354
144
10
19
363
144
10
19
374
148
10
19
382
148
10
19
389
148
10
19
392
148
10
19
403
152
10
19
411
154
10
19
420
157
10
19
422
158
10
19
435
157
10
19
438
157
10
19
448
158
10
19
459
158
10
19
462
158
10
19
475
160
10
19
477
162
10
19
480
162
10
19
480
163
10
19
482
163
10
19
486
168
10
19
483
169
10
19
482
170
10
19
481
170
10
19
480
171
10
19
479
172
10
19
474
174
10
19
474
175
10
19
474
175
10
19
474
174
10
19
475
174
10
19
476
174
10
19
477
174
10
19
482
175
10
19
484
175
10
19
487
175
10
19
489
174
10
19
491
173
10
19
493
171
10
19
495
170
10
19
497
168
10
19
498
166
10
19
498
165
10
19
498
163
10
19
498
161
10
19
499
159
10
19
499
158
10
19
499
157
10
19
500
156
10
19
500
155
10
19
499
155
10
19
499
155
10
19
499
153
10
19
499
153
10
19
499
153
10
19
499
152
10
19
499
152
10
19
496
162
10
19
494
162
10
19
492
162
10
19
489
162
10
19
487
162
10
19
485
162
10
19
483
161
10
19
481
160
10
19
480
160
10
19
480
160
10
19
480
160
10
19
481
160
10
19
483
160
10
19
484
160
10
19
486
160
10
19
488
160
10
19
489
159
10
19
492
159
10
19
495
159
10
19
497
158
10
19
499
156
10
19
501
155
10
19
503
154
10
19
504
154
10
19
504
153
10
19
504
153
10
19
502
153
10
19
503
151
10
19
503
150
10
19
503
148
10
19
502
147
10
19
502
147
10
19
502
147
10
19
503
147
10
19
504
147
10
19
504
147
10
19
504
148
10
19
503
148
10
19
502
148
10
19
502
148
10
19
502
148
10
19
503
146
10
19
501
145
10
19
500
145
10
19
499
144
10
19
497
144
10
19
495
144
10
19
493
144
10
19
491
143
10
19
489
142
10
19
486
142
10
19
484
142
10
19
482
140
10
19
480
140
10
19
477
140
10
19
475
141
10
19
472
141
10
19
469
141
10
19
466
141
10
19
463
141
10
19
455
143
10
19
451
144
10
19
448
144
10
19
445
144
10
19
443
146
10
19
435
151
10
19
433
153
10
19
431
155
10
19
435
155
10
19
435
157
10
19
437
157
10
19
440
157
10
19
443
157
10
19
446
157
10
19
454
156
10
19
459
162
10
19
463
158
10
19
466
158
10
19
469
158
10
19
479
161
10
19
481
163
10
19
487
161
10
19
493
167
10
19
496
167
10
19
499
167
10
19
502
167
10
19
507
169
10
19
510
169
10
19
513
169
10
19
515
171
10
19
518
171
10
19
521
171
10
19
524
171
10
19
529
184
10
19
532
184
10
19
537
186
10
19
538
188
10
19
547
187
10
19
550
187
10
19
552
189
10
19
551
191
10
19
560
196
10
19
563
196
10
19
565
198
10
19
565
199
10
19
566
201
10
19
568
203
10
19
568
205
10
19
568
207
10
19
570
205
10
19
571
207
10
19
570
209
10
19
570
209
10
19
570
209
10
19
568
209
10
19
567
210
10
19
566
212
10
19
564
213
10
19
562
215
10
19
561
217
10
19
560
218
10
19
558
220
10
19
556
220
10
19
554
221
10
19
554
221
10
19
553
221
10
19
557
227
10
19
556
229
10
19
554
228
10
19
551
228
10
19
548
228
10
19
545
228
10
19
542
228
10
19
539
228
10
19
536
228
10
19
533
228
10
19
530
228
10
19
527
228
10
19
524
228
10
19
523
229
10
19
520
229
10
19
517
229
10
19
515
228
10
19
512
228
10
19
510
228
10
19
507
228
10
19
504
228
10
19
501
228
10
19
498
228
10
19
496
228
10
19
494
229
10
19
491
229
10
19
488
229
10
19
487
229
10
19
487
229
10
19
488
227
10
19
488
225
10
19
488
223
10
19
486
222
10
19
