346
105
585
221
10
19
582
221
10
19
576
218
10
19
570
217
10
19
567
215
10
19
556
217
10
19
553
216
10
19
547
221
10
19
540
219
10
19
531
222
10
19
528
222
10
19
525
222
10
19
522
222
10
19
519
222
10
19
517
222
10
19
516
222
10
19
516
222
10
19
517
222
10
19
519
221
10
19
521
219
10
19
524
219
10
19
527
219
10
19
530
219
10
19
533
219
10
19
535
220
10
19
538
220
10
19
543
227
10
19
546
227
10
19
549
227
10
19
551
228
10
19
552
230
10
19
554
231
10
19
557
231
10
19
559
231
10
19
561
232
10
19
562
233
10
19
564
234
10
19
566
236
10
19
567
236
10
19
569
236
10
19
570
238
10
19
573
238
10
19
575
238
10
19
578
238
10
19
581
238
10
19
583
239
10
19
586
239
10
19
589
239
10
19
591
239
10
19
593
239
10
19
595
239
10
19
596
239
10
19
597
240
10
19
596
242
10
19
595
244
10
19
595
243
10
19
594
243
10
19
592
243
10
19
590
243
10
19
589
243
10
19
586
243
10
19
584
243
10
19
582
243
10
19
580
242
10
19
577
242
10
19
575
242
10
19
573
241
10
19
565
255
10
19
562
255
10
19
559
255
10
19
557
255
10
19
555
255
10
19
556
253
10
19
554
253
10
19
551
253
10
19
546
253
10
19
543
253
10
19
540
253
10
19
537
253
10
19
534
253
10
19
531
253
10
19
533
252
10
19
530
252
10
19
531
254
10
19
528
254
10
19
528
257
10
19
528
260
10
19
528
262
10
19
525
262
10
19
522
262
10
19
519
262
10
19
516
262
10
19
513
262
10
19
510
262
10
19
507
262
10
19
504
262
10
19
501
262
10
19
498
262
10
19
495
262
10
19
493
261
10
19
492
259
10
19
491
257
10
19
490
255
10
19
490
253
10
19
490
251
10
19
