0
258
463
105
10
22
465
103
10
22
466
101
10
22
467
99
10
22
468
99
10
22
469
98
10
22
470
98
10
22
471
98
10
22
472
97
10
22
474
96
10
22
475
94
10
22
476
93
10
22
476
93
10
22
476
93
10
22
476
91
10
22
477
89
10
22
477
88
10
22
478
87
10
22
478
85
10
22
478
83
10
22
478
82
10
22
477
81
10
22
476
80
10
22
474
79
10
22
475
78
10
22
472
78
10
22
470
78
10
22
468
78
10
22
467
78
10
22
467
76
10
22
467
76
10
22
467
75
10
22
467
75
10
22
467
75
10
22
467
75
10
22
467
73
10
22
468
71
10
22
468
69
10
22
469
67
10
22
469
65
10
22
470
63
10
22
470
61
10
22
470
59
10
22
470
57
10
22
470
55
10
22
469
53
10
22
468
51
10
22
467
49
10
22
466
48
10
22
465
46
10
22
464
44
10
22
463
43
10
22
461
42
10
22
459
40
10
22
458
38
10
22
457
36
10
22
456
34
10
22
455
32
10
22
454
30
10
22
453
28
10
22
453
26
10
22
453
24
10
22
455
22
10
22
458
22
10
22
464
22
10
22
462
23
10
22
465
23
10
22
474
22
10
22
477
22
10
22
480
22
10
22
482
20
10
22
483
20
10
22
485
22
10
22
485
21
10
22
486
21
10
22
487
21
10
22
487
21
10
22
490
12
10
22
490
12
10
22
490
12
10
22
486
15
10
22
487
15
10
22
488
15
10
22
489
16
10
22
489
16
10
22
490
16
10
22
491
16
10
22
492
16
10
22
492
16
10
22
492
16
10
22
492
16
10
22
491
16
10
22
490
16
10
22
489
15
10
22
487
15
10
22
486
15
10
22
487
18
10
22
485
18
10
22
484
18
10
22
483
18
10
22
482
18
10
22
480
18
10
22
478
19
10
22
477
19
10
22
477
19
10
22
477
18
10
22
478
17
10
22
479
16
10
22
480
16
10
22
481
14
10
22
482
14
10
22
483
14
10
22
484
13
10
22
484
15
10
22
485
15
10
22
486
15
10
22
487
14
10
22
489
14
10
22
490
14
10
22
491
14
10
22
492
13
10
22
492
13
10
22
493
13
10
22
495
13
10
22
497
13
10
22
499
13
10
22
501
13
10
22
503
12
10
22
505
12
10
22
507
11
10
22
509
11
10
22
511
11
10
22
513
11
10
22
515
10
10
22
516
9
10
22
518
9
10
22
519
9
10
22
520
9
10
22
521
9
10
22
521
9
10
22
521
9
10
22
522
6
10
22
522
6
10
22
521
5
10
22
520
4
10
22
519
4
10
22
518
4
10
22
516
3
10
22
514
3
10
22
513
3
10
22
512
3
10
22
511
2
10
22
511
2
10
22
512
0
10
22
511
0
10
22
511
0
10
22
511
0
10
22
511
0
10
22
511
0
10
22
511
0
10
22
510
0
10
22
509
0
10
22
507
0
10
22
504
0
10
22
502
0
10
22
500
0
10
22
499
0
10
22
498
0
10
22
498
0
10
22
498
0
10
22
498
0
10
22
497
0
10
22
496
0
10
22
496
0
10
22
496
0
10
22
496
0
10
22
496
0
10
22
496
0
10
22
495
0
10
22
494
0
10
22
494
0
10
22
494
0
10
22
495
0
10
22
496
0
10
22
497
1
10
22
498
1
10
22
499
1
10
22
500
2
10
22
501
2
10
22
502
2
10
22
504
2
10
22
505
2
10
22
506
2
10
22
507
2
10
22
508
2
10
22
510
3
10
22
512
3
10
22
514
3
10
22
517
3
10
22
520
3
10
22
523
3
10
22
526
3
10
22
529
3
10
22
532
3
10
22
535
3
10
22
538
3
10
22
540
3
10
22
542
3
10
22
543
3
10
22
544
3
10
22
541
11
10
22
542
11
10
22
542
11
10
22
542
11
10
22
543
11
10
22
544
11
10
22
545
11
10
22
546
11
10
22
547
11
10
22
549
11
10
22
550
11
10
22
552
11
10
22
553
10
10
22
554
10
10
22
556
10
10
22
558
10
10
22
560
10
10
22
563
10
10
22
565
10
10
22
566
10
10
22
567
10
10
22
568
10
10
22
569
10
10
22
569
10
10
22
570
9
10
22
570
9
10
22
570
9
10
22
570
9
10
22
570
8
10
22
570
8
10
22
570
8
10
22
570
8
10
22
570
8
10
22
570
8
10
22
569
8
10
22
568
8
10
22
567
8
10
22
567
7
10
22
567
7
10
22
567
7
10
22
567
7
10
22
568
2
10
22
569
1
10
22
570
1
10
22
571
0
10
22
573
0
10
22
575
0
10
22
577
1
10
22
