0
350
334
179
10
22
336
177
10
22
338
175
10
22
339
173
10
22
340
171
10
22
341
171
10
22
342
171
10
22
343
171
10
22
343
171
10
22
344
171
10
22
345
171
10
22
345
171
10
22
345
171
10
22
346
170
10
22
346
168
10
22
346
166
10
22
346
166
10
22
347
164
10
22
347
162
10
22
348
162
10
22
348
160
10
22
347
159
10
22
346
158
10
22
344
157
10
22
342
157
10
22
339
157
10
22
337
157
10
22
335
157
10
22
334
157
10
22
334
157
10
22
334
157
10
22
334
157
10
22
334
156
10
22
334
156
10
22
333
156
10
22
333
154
10
22
334
153
10
22
334
152
10
22
334
150
10
22
334
148
10
22
335
146
10
22
336
144
10
22
336
142
10
22
337
143
10
22
337
141
10
22
337
139
10
22
336
140
10
22
335
138
10
22
334
136
10
22
333
134
10
22
331
135
10
22
329
133
10
22
327
131
10
22
325
129
10
22
324
127
10
22
323
125
10
22
323
125
10
22
321
123
10
22
319
121
10
22
318
119
10
22
318
117
10
22
318
115
10
22
320
115
10
22
323
115
10
22
325
113
10
22
328
113
10
22
331
113
10
22
334
113
10
22
337
113
10
22
337
110
10
22
337
109
10
22
338
109
10
22
339
109
10
22
340
109
10
22
340
108
10
22
340
110
10
22
340
110
10
22
340
110
10
22
346
104
10
22
346
104
10
22
346
105
10
22
347
105
10
22
347
105
10
22
348
105
10
22
348
105
10
22
349
105
10
22
349
105
10
22
350
105
10
22
350
105
10
22
350
105
10
22
347
105
10
22
346
105
10
22
344
105
10
22
343
106
10
22
341
106
10
22
339
106
10
22
337
106
10
22
335
107
10
22
334
107
10
22
332
107
10
22
330
108
10
22
328
108
10
22
325
119
10
22
323
119
10
22
323
119
10
22
323
119
10
22
323
119
10
22
324
119
10
22
325
119
10
22
326
119
10
22
326
119
10
22
326
119
10
22
327
118
10
22
327
118
10
22
328
118
10
22
328
118
10
22
330
118
10
22
331
118
10
22
332
118
10
22
333
118
10
22
334
118
10
22
334
118
10
22
335
118
10
22
336
118
10
22
338
119
10
22
340
119
10
22
342
119
10
22
343
119
10
22
345
119
10
22
346
119
10
22
348
119
10
22
350
119
10
22
351
119
10
22
352
119
10
22
353
119
10
22
354
119
10
22
355
119
10
22
355
119
10
22
355
119
10
22
355
119
10
22
355
119
10
22
354
119
10
22
354
119
10
22
352
118
10
22
350
118
10
22
349
118
10
22
348
118
10
22
347
118
10
22
345
118
10
22
343
118
10
22
342
118
10
22
341
118
10
22
340
118
10
22
338
118
10
22
337
118
10
22
336
119
10
22
335
119
10
22
334
119
10
22
333
119
10
22
332
119
10
22
330
120
10
22
329
120
10
22
326
120
10
22
323
120
10
22
321
122
10
22
319
123
10
22
317
124
10
22
316
125
10
22
315
126
10
22
314
127
10
22
313
128
10
22
311
129
10
22
310
130
10
22
309
131
10
22
309
131
10
22
308
131
10
22
307
131
10
22
306
132
10
22
305
133
10
22
303
134
10
22
303
136
10
22
303
136
10
22
303
138
10
22
304
138
10
22
305
144
10
22
306
145
10
22
307
146
10
22
308
148
10
22
308
149
10
22
308
151
10
22
311
153
10
22
313
155
10
22
313
157
10
22
313
160
10
22
314
162
10
22
315
164
10
22
316
166
10
22
318
167
10
22
320
167
10
22
322
167
10
22
324
167
10
22
326
167
10
22
327
167
10
22
330
167
10
22
338
159
10
22
340
159
10
22
341
159
10
22
342
159
10
22
343
159
10
22
344
160
10
22
344
160
10
22
344
160
10
22
344
160
10
22
344
160
10
22
345
160
10
22
345
160
10
22
346
160
10
22
347
160
10
22
348
160
10
22
349
160
10
22
350
160
10
22
351
160
10
22
352
160
10
22
352
160
10
22
353
160
10
22
354
160
10
22
360
175
10
22
362
175
10
22
364
175
10
22
365
175
10
22
366
175
10
22
366
175
10
22
366
175
10
22
366
175
10
22
366
175
10
22
366
175
10
22
366
175
10
22
365
175
10
22
365
175
10
22
364
175
10
22
364
175
10
22
363
175
10
22
362
174
10
22
360
176
10
22
358
176
10
22
357
176
10
22
356
176
10
22
355
175
10
22
355
175
10
22
355
173
10
22
355
173
10
22
354
173
10
22
354
172
10
22
353
172
10
22
354
171
10
22
355
170
10
22
356
168
10
22
357
168
10
22
357
166
10
22
357
166
10
22
355
166
10
22
353
166
10
22
350
166
10
22
347
166
10
22
344
166
10
22
341
166
10
22
338
166
10
22
336
166
10
22
334
166
10
22
332
166
10
22
330
165
10
22
328
164
10
22
327
164
10
22
326
164
10
22
325
163
10
22
324
163
10
22
324
161
10
22
324
160
10
22
324
159
10
22
325
158
10
22
325
156
10
22
325
154
10
22
326
152
10
22
327
150
10
22
329
148
10
22
330
146
10
22
332
146
10
22
333
144
10
22
334
143
10
22
334
142
10
22
335
139
10
22
336
139
10
22
336
139
10
22
337
138
10
22
338
137
10
22
339
136
10
22
339
136
10
22
338
136
10
22
338
136
10
22
337
136
10
22
336
136
10
22
335
136
10
22
335
137
10
22
336
137
10
22
337
137
10
22
337
137
10
22
338
137
10
22
339
137
10
22
340
138
10
22
341
138
10
22
341
138
10
22
342
139
10
22
342
139
10
22
342
139
10
22
343
140
10
22
343
141
10
22
343
141
10
22
343
141
10
22
342
141
10
22
340
141
10
22
338
141
10
22
336
141
10
22
333
141
10
22
330
141
10
22
327
141
10
22
324
141
10
22
322
141
10
22
320
142
10
22
317
142
10
22
315
143
10
22
312
143
10
22
313
145
10
22
312
145
10
22
311
145
10
22
310
145
10
22
309
145
10
22
309
145
10
22
308
145
10
22
308
145
10
22
307
145
10
22
306
145
10
22
305
146
10
22
305
146
10
22
306
146
10
22
306
146
10
22
306
146
10
22
306
146
10
22
306
146
10
22
306
146
10
22
308
146
10
22
