0
350
556
203
10
22
557
201
10
22
558
199
10
22
558
197
10
22
558
197
10
22
558
197
10
22
558
196
10
22
558
196
10
22
558
195
10
22
560
194
10
22
560
194
10
22
560
194
10
22
560
194
10
22
560
194
10
22
559
192
10
22
559
190
10
22
558
190
10
22
558
189
10
22
558
187
10
22
558
187
10
22
557
187
10
22
555
186
10
22
553
186
10
22
551
185
10
22
548
185
10
22
545
185
10
22
542
185
10
22
540
185
10
22
538
184
10
22
537
183
10
22
536
182
10
22
535
181
10
22
533
181
10
22
532
181
10
22
530
181
10
22
530
179
10
22
530
178
10
22
529
176
10
22
529
174
10
22
528
172
10
22
528
170
10
22
527
168
10
22
526
166
10
22
525
164
10
22
523
164
10
22
522
162
10
22
521
160
10
22
519
158
10
22
516
158
10
22
515
155
10
22
513
153
10
22
511
151
10
22
509
149
10
22
507
147
10
22
505
145
10
22
503
143
10
22
501
141
10
22
499
139
10
22
497
137
10
22
495
135
10
22
494
133
10
22
493
131
10
22
494
131
10
22
496
130
10
22
498
129
10
22
501
129
10
22
503
127
10
22
505
127
10
22
507
126
10
22
509
126
10
22
510
125
10
22
510
125
10
22
510
125
10
22
510
125
10
22
510
125
10
22
510
125
10
22
510
125
10
22
510
125
10
22
509
125
10
22
509
125
10
22
509
126
10
22
509
127
10
22
509
128
10
22
509
128
10
22
508
128
10
22
508
128
10
22
508
128
10
22
508
128
10
22
508
128
10
22
507
128
10
22
507
135
10
22
506
135
10
22
504
135
10
22
502
134
10
22
500
135
10
22
498
135
10
22
496
135
10
22
493
135
10
22
491
135
10
22
489
135
10
22
487
136
10
22
484
136
10
22
481
136
10
22
479
136
10
22
479
139
10
22
479
140
10
22
479
140
10
22
479
140
10
22
479
139
10
22
479
138
10
22
479
138
10
22
479
138
10
22
480
138
10
22
480
138
10
22
481
138
10
22
481
138
10
22
482
138
10
22
483
138
10
22
484
138
10
22
484
138
10
22
484
139
10
22
483
140
10
22
483
140
10
22
484
140
10
22
485
141
10
22
487
142
10
22
488
142
10
22
489
142
10
22
491
142
10
22
493
141
10
22
494
141
10
22
496
141
10
22
497
141
10
22
498
141
10
22
499
141
10
22
500
141
10
22
501
141
10
22
501
141
10
22
501
141
10
22
501
141
10
22
501
141
10
22
501
141
10
22
500
141
10
22
499
141
10
22
497
141
10
22
494
137
10
22
492
137
10
22
490
137
10
22
488
137
10
22
486
137
10
22
484
137
10
22
483
137
10
22
482
137
10
22
480
137
10
22
477
137
10
22
476
137
10
22
475
137
10
22
474
137
10
22
473
137
10
22
472
137
10
22
470
137
10
22
468
137
10
22
465
137
10
22
462
137
10
22
459
137
10
22
457
137
10
22
455
138
10
22
454
139
10
22
453
139
10
22
452
140
10
22
451
140
10
22
449
141
10
22
448
141
10
22
447
142
10
22
446
142
10
22
445
142
10
22
444
142
10
22
443
143
10
22
441
144
10
22
439
144
10
22
438
144
10
22
437
145
10
22
437
146
10
22
439
155
10
22
439
157
10
22
439
158
10
22
440
158
10
22
441
160
10
22
442
162
10
22
443
164
10
22
444
166
10
22
444
166
10
22
444
168
10
22
444
169
10
22
445
169
10
22
445
171
10
22
446
171
10
22
447
172
10
22
449
172
10
22
451
173
10
22
452
173
10
22
454
173
10
22
459
171
10
22
461
171
10
22
463
170
10
22
465
171
10
22
466
171
10
22
467
172
10
22
468
173
10
22
468
173
10
22
468
174
10
22
468
174
10
22
468
175
10
22
468
175
10
22
468
177
10
22
468
177
10
22
469
177
10
22
469
178
10
22
470
179
10
22
471
180
10
22
472
181
10
22
473
181
10
22
474
181
10
22
475
181
10
22
476
182
10
22
477
182
10
22
478
182
10
22
479
182
10
22
480
182
10
22
480
182
10
22
480
182
10
22
480
182
10
22
479
182
10
22
479
182
10
22
479
182
10
22
478
182
10
22
477
182
10
22
475
182
10
22
474
182
10
22
473
182
10
22
472
182
10
22
471
182
10
22
469
182
10
22
466
183
10
22
464
183
10
22
465
185
10
22
464
185
10
22
462
185
10
22
460
185
10
22
458
185
10
22
457
185
10
22
455
185
10
22
454
184
10
22
453
184
10
22
453
183
10
22
453
182
10
22
454
180
10
22
455
178
10
22
456
176
10
22
455
176
10
22
453
176
10
22
451
176
10
22
448
176
10
22
445
176
10
22
442
176
10
22
439
176
10
22
436
176
10
22
433
176
10
22
431
176
10
22
429
175
10
22
417
178
10
22
415
177
10
22
413
177
10
22
411
176
10
22
409
175
10
22
407
174
10
22
406
174
10
22
405
172
10
22
404
172
10
22
404
170
10
22
405
169
10
22
405
167
10
22
409
160
10
22
410
158
10
22
411
156
10
22
412
154
10
22
413
152
10
22
414
150
10
22
414
149
10
22
414
148
10
22
414
148
10
22
414
146
10
22
413
146
10
22
413
145
10
22
413
144
10
22
413
143
10
22
413
142
10
22
412
142
10
22
411
141
10
22
409
141
10
22
407
141
10
22
406
141
10
22
405
141
10
22
406
141
10
22
407
141
10
22
408
141
10
22
408
142
10
22
409
142
10
22
410
142
10
22
411
142
10
22
410
142
10
22
411
142
10
22
412
142
10
22
413
142
10
22
414
142
10
22
414
142
10
22
414
142
10
22
414
142
10
22
413
142
10
22
411
142
10
22
409
142
10
22
406
142
10
22
403
142
10
22
401
142
10
22
398
142
10
22
395
142
10
22
393
142
10
22
390
142
10
22
387
142
10
22
385
142
10
22
382
142
10
22
380
142
10
22
379
142
10
22
378
142
10
22
377
142
10
22
376
142
10
22
376
142
10
22
375
142
10
22
374
142
10
22
373
142
10
22
372
142
10
22
371
142
10
22
371
142
10
22
371
142
10
22
371
142
10
22
371
142
10
22
371
142
10
22
371
142
10
22
371
142
10
22
373
142
10
22
