0
382
157
22
20
37
159
21
20
37
160
20
20
37
160
20
20
37
160
20
20
37
161
20
20
37
161
18
20
37
160
18
20
37
158
18
20
37
157
18
20
37
157
19
20
37
156
21
20
37
156
21
20
37
162
22
20
37
164
22
20
37
164
22
20
37
165
21
20
37
165
21
20
37
164
22
20
37
164
23
20
37
163
24
20
37
163
24
20
37
162
24
20
37
162
25
20
37
163
26
20
37
163
27
20
37
164
28
20
37
164
27
20
37
163
27
20
37
162
27
20
37
162
29
20
37
162
29
20
37
162
28
20
37
163
28
20
37
164
28
20
37
165
29
20
37
167
29
20
37
168
29
20
37
169
29
20
37
169
29
20
37
168
30
20
37
167
30
20
37
166
30
20
37
165
30
20
37
165
30
20
37
165
30
20
37
166
30
20
37
166
32
20
37
166
34
20
37
166
35
20
37
167
36
20
37
167
36
20
37
166
36
20
37
165
36
20
37
163
36
20
37
163
36
20
37
164
36
20
37
166
41
20
37
166
41
20
37
166
42
20
37
166
44
20
37
166
44
20
37
166
44
20
37
166
44
20
37
165
44
20
37
165
44
20
37
165
44
20
37
165
45
20
37
165
45
20
37
165
47
20
37
165
46
20
37
165
46
20
37
164
48
20
37
165
48
20
37
166
48
20
37
166
48
20
37
166
47
20
37
166
47
20
37
164
48
20
37
163
48
20
37
163
48
20
37
162
49
20
37
163
49
20
37
163
49
20
37
163
49
20
37
163
50
20
37
163
50
20
37
164
51
20
37
165
52
20
37
165
52
20
37
164
52
20
37
162
52
20
37
161
51
20
37
160
50
20
37
158
50
20
37
156
50
20
37
155
51
20
37
155
51
20
37
162
55
20
37
163
55
20
37
165
55
20
37
165
55
20
37
166
56
20
37
168
56
20
37
168
56
20
37
168
57
20
37
167
56
20
37
167
56
20
37
168
56
20
37
167
57
20
37
166
58
20
37
166
58
20
37
166
59
20
37
166
60
20
37
166
60
20
37
164
59
20
37
162
59
20
37
161
59
20
37
161
59
20
37
162
61
20
37
162
63
20
37
163
64
20
37
164
66
20
37
164
68
20
37
165
68
20
37
165
67
20
37
164
66
20
37
162
66
20
37
160
66
20
37
160
66
20
37
160
67
20
37
159
69
20
37
160
71
20
37
160
72
20
37
161
72
20
37
161
71
20
37
162
72
20
37
162
73
20
37
162
73
20
37
160
71
20
37
160
71
20
37
159
70
20
37
158
70
20
37
158
72
20
37
157
72
20
37
157
71
20
37
157
71
20
37
157
73
20
37
158
73
20
37
158
73
20
37
159
73
20
37
160
75
20
37
160
75
20
37
158
75
20
37
158
74
20
37
156
73
20
37
155
72
20
37
154
73
20
37
155
75
20
37
155
76
20
37
156
76
20
37
156
76
20
37
156
76
20
37
156
76
20
37
156
75
20
37
157
75
20
37
155
77
20
37
154
79
20
37
154
81
20
37
154
83
20
37
154
83
20
37
154
83
20
37
154
83
20
37
155
84
20
37
155
85
20
37
155
83
20
37
157
89
20
37
157
88
20
37
157
88
20
37
158
88
20
37
157
88
20
37
157
88
20
37
157
88
20
37
157
89
20
37
156
89
20
37
155
91
20
37
155
92
20
37
155
92
20
37
153
93
20
37
153
93
20
37
152
92
20
37
152
91
20
37
152
92
20
37
153
94
20
37
153
94
20
37
152
95
20
37
152
95
20
37
152
95
20
37
151
95
20
37
151
95
20
37
150
95
20
37
150
95
20
37
149
95
20
37
148
95
20
37
147
95
20
37
147
95
20
37
147
95
20
37
147
96
20
37
146
96
20
37
145
96
20
37
145
98
20
37
144
100
20
37
144
98
20
37
143
98
20
37
143
98
20
37
142
99
20
37
140
99
20
37
141
99
20
37
141
100
20
37
141
101
20
37
143
102
20
37
143
104
20
37
143
104
20
37
143
103
20
37
143
103
20
37
142
103
20
37
140
103
20
37
140
103
20
37
140
103
20
37
139
103
20
37
138
103
20
37
136
105
20
37
135
105
20
37
134
104
20
37
134
106
20
37
133
108
20
37
132
110
20
37
133
110
20
37
134
112
20
37
134
111
20
37
134
110
20
37
134
110
20
37
134
110
20
37
133
110
20
37
132
111
20
37
132
113
20
37
131
113
20
37
132
113
20
37
131
114
20
37
131
114
20
37
130
113
20
37
130
111
20
37
129
111
20
37
129
113
20
37
128
113
20
37
127
113
20
37
127
113
20
37
126
113
20
37
124
115
20
37
124
116
20
37
124
117
20
37
123
118
20
37
123
118
20
37
123
119
20
37
123
119
20
37
123
119
20
37
122
120
20
37
123
120
20
37
123
119
20
37
121
119
20
37
120
120
20
37
119
121
20
37
120
121
20
37
120
123
20
37
119
123
20
37
119
123
20
37
118
123
20
37
116
122
20
37
115
120
20
37
115
121
20
37
115
122
20
37
115
122
20
37
115
123
20
37
114
124
20
37
114
125
20
37
114
124
20
37
113
124
20
37
111
124
20
37
111
126
20
37
111
125
20
37
111
125
20
37
110
125
20
37
109
125
20
37
108
125
20
37
107
125
20
37
106
124
20
37
105
125
20
37
105
125
20
37
106
125
20
37
106
129
20
37
105
129
20
37
105
128
20
37
104
128
20
37
103
128
20
37
101
129
20
37
100
130
20
37
99
130
20
37
98
130
20
37
99
130
20
37
99
130
20
37
100
132
20
37
99
132
20
37
98
132
20
37
98
132
20
37
97
132
20
37
96
131
20
37
94
131
20
37
93
131
20
37
92
131
20
37
91
131
20
37
91
131
20
37
92
131
20
37
92
131
20
37
92
131
20
37
91
131
20
37
89
131
20
37
87
132
20
37
85
133
20
37
84
133
20
37
84
133
20
37
83
133
20
37
83
132
20
37
82
134
20
37
82
134
20
37
80
134
20
37
79
132
20
37
79
132
20
37
78
131
20
37
77
131
20
37
77
131
20
37
74
134
20
37
73
133
20
37
72
134
20
37
72
134
20
37
71
134
20
37
70
134
20
37
69
133
20
37
68
133
20
37
68
133
20
37
66
133
20
37
64
133
20
37
69
134
20
37
69
134
20
37
68
134
20
37
66
133
20
37
66
133
20
37
66
135
20
37
66
135
20
37
66
135
20
37
66
135
20
37
65
135
20
37
65
134
20
37
65
134
20
37
64
134
20
37
62
135
20
37
60
136
20
37
60
136
20
37
60
136
20
37
59
136
20
37
59
136
20
37
59
136
20
37
60
137
20
37
59
137
20
37
58
137
20
37
58
138
20
37
58
136
20
37
57
135
20
37
57
135
20
37
56
135
20
37
55
133
20
37
55
134
20
37
55
135
20
37
