0
461
134
12
20
37
136
10
20
37
137
8
20
37
138
6
20
37
139
4
20
37
140
3
20
37
139
2
20
37
138
2
20
37
138
12
20
37
136
12
20
37
136
14
20
37
135
16
20
37
135
16
20
37
134
13
20
37
136
12
20
37
136
11
20
37
137
9
20
37
137
9
20
37
137
10
20
37
137
10
20
37
137
11
20
37
137
11
20
37
137
11
20
37
137
12
20
37
138
13
20
37
139
14
20
37
140
15
20
37
140
15
20
37
140
15
20
37
140
16
20
37
141
17
20
37
141
17
20
37
141
16
20
37
142
14
20
37
143
14
20
37
144
14
20
37
145
14
20
37
147
13
20
37
148
12
20
37
148
12
20
37
147
14
20
37
146
14
20
37
145
14
20
37
144
14
20
37
144
14
20
37
145
14
20
37
146
14
20
37
146
14
20
37
146
16
20
37
147
17
20
37
148
17
20
37
148
17
20
37
147
16
20
37
147
15
20
37
145
21
20
37
145
21
20
37
146
21
20
37
145
21
20
37
145
21
20
37
145
23
20
37
145
24
20
37
145
24
20
37
145
24
20
37
147
25
20
37
147
25
20
37
147
25
20
37
147
25
20
37
145
26
20
37
145
26
20
37
145
28
20
37
145
28
20
37
145
29
20
37
144
31
20
37
146
31
20
37
147
31
20
37
147
31
20
37
147
30
20
37
147
30
20
37
146
31
20
37
145
32
20
37
145
32
20
37
149
36
20
37
150
36
20
37
151
36
20
37
151
37
20
37
151
39
20
37
151
38
20
37
152
39
20
37
153
38
20
37
153
39
20
37
152
39
20
37
150
39
20
37
149
39
20
37
149
39
20
37
148
40
20
37
146
40
20
37
151
33
20
37
151
34
20
37
151
36
20
37
152
36
20
37
154
36
20
37
154
36
20
37
155
38
20
37
157
39
20
37
157
39
20
37
157
40
20
37
157
40
20
37
157
40
20
37
158
40
20
37
153
39
20
37
152
40
20
37
152
40
20
37
152
40
20
37
153
40
20
37
152
41
20
37
151
40
20
37
149
40
20
37
148
40
20
37
151
45
20
37
152
47
20
37
152
49
20
37
153
50
20
37
154
52
20
37
154
54
20
37
155
54
20
37
155
54
20
37
153
48
20
37
151
48
20
37
149
48
20
37
149
47
20
37
149
47
20
37
148
49
20
37
149
51
20
37
149
52
20
37
150
52
20
37
150
52
20
37
154
52
20
37
154
52
20
37
154
52
20
37
153
51
20
37
153
51
20
37
153
51
20
37
152
51
20
37
152
53
20
37
151
53
20
37
151
52
20
37
151
53
20
37
151
55
20
37
152
55
20
37
152
55
20
37
153
55
20
37
154
59
20
37
154
59
20
37
152
59
20
37
152
58
20
37
147
61
20
37
146
61
20
37
145
62
20
37
146
64
20
37
153
59
20
37
154
59
20
37
154
59
20
37
154
59
20
37
154
59
20
37
154
59
20
37
155
58
20
37
153
60
20
37
151
61
20
37
152
62
20
37
152
64
20
37
152
64
20
37
149
67
20
37
149
67
20
37
150
68
20
37
150
69
20
37
150
67
20
37
153
69
20
37
153
69
20
37
153
69
20
37
153
69
20
37
152
70
20
37
152
70
20
37
152
70
20
37
152
71
20
37
150
70
20
37
149
72
20
37
149
74
20
37
149
74
20
37
147
74
20
37
147
74
20
37
146
74
20
37
146
73
20
37
146
74
20
37
147
75
20
37
147
76
20
37
146
77
20
37
146
77
20
37
146
77
20
37
146
77
20
37
146
77
20
37
150
78
20
37
149
69
20
37
148
69
20
37
150
76
20
37
149
76
20
37
149
76
20
37
149
76
20
37
149
76
20
37
149
76
20
37
149
76
20
37
149
78
20
37
148
79
20
37
148
77
20
37
147
77
20
37
147
77
20
37
146
78
20
37
144
78
20
37
143
78
20
37
143
79
20
37
143
80
20
37
145
80
20
37
145
82
20
37
145
82
20
37
147
84
20
37
147
84
20
37
149
84
20
37
147
83
20
37
147
83
20
37
147
83
20
37
146
83
20
37
145
83
20
37
145
83
20
37
145
83
20
37
144
83
20
37
145
85
20
37
144
87
20
37
143
89
20
37
144
89
20
37
145
90
20
37
145
89
20
37
145
89
20
37
145
89
20
37
145
89
20
37
144
89
20
37
143
90
20
37
143
92
20
37
143
92
20
37
144
92
20
37
143
93
20
37
143
93
20
37
141
91
20
37
150
87
20
37
149
87
20
37
148
85
20
37
147
86
20
37
146
86
20
37
146
88
20
37
145
88
20
37
145
88
20
37
145
88
20
37
145
90
20
37
145
90
20
37
145
90
20
37
145
91
20
37
146
91
20
37
147
91
20
37
146
91
20
37
147
91
20
37
147
91
20
37
146
92
20
37
146
92
20
37
146
92
20
37
147
92
20
37
148
94
20
37
147
94
20
37
147
93
20
37
146
91
20
37
144
90
20
37
143
88
20
37
143
88
20
37
143
89
20
37
143
89
20
37
143
90
20
37
142
91
20
37
142
92
20
37
143
92
20
37
142
91
20
37
143
91
20
37
142
92
20
37
143
91
20
37
142
91
20
37
142
91
20
37
145
105
20
37
144
105
20
37
143
106
20
37
143
103
20
37
143
103
20
37
143
104
20
37
144
104
20
37
144
104
20
37
143
104
20
37
143
103
20
37
142
103
20
37
142
103
20
37
141
103
20
37
140
105
20
37
140
104
20
37
140
104
20
37
141
104
20
37
142
106
20
37
143
108
20
37
143
108
20
37
142
108
20
37
142
108
20
37
142
108
20
37
142
108
20
37
141
108
20
37
140
108
20
37
140
108
20
37
140
108
20
37
140
109
20
37
141
109
20
37
141
111
20
37
141
111
20
37
141
111
20
37
139
111
20
37
138
112
20
37
136
112
20
37
135
112
20
37
136
112
20
37
135
110
20
37
135
110
20
37
135
111
20
37
133
117
20
37
130
111
20
37
130
111
20
37
130
111
20
37
129
112
20
37
129
112
20
37
129
112
20
37
129
112
20
37
128
112
20
37
128
112
20
37
129
113
20
37
129
113
20
37
129
113
20
37
128
113
20
37
128
113
20
37
128
114
20
37
127
114
20
37
125
114
20
37
125
112
20
37
125
113
20
37
124
113
20
37
123
112
20
37
123
112
20
37
123
112
20
37
123
112
20
37
123
112
20
37
123
112
20
37
122
112
20
37
122
113
20
37
121
112
20
37
120
112
20
37
117
112
20
37
116
113
20
37
116
113
20
37
115
111
20
37
115
111
20
37
114
118
20
37
114
118
20
37
115
119
20
37
114
119
20
37
113
119
20
37
113
119
20
37
113
119
20
37
112
119
20
37
112
119
20
37
111
119
20
37
109
121
20
37
108
122
20
37
108
123
20
37
109
124
20
37
109
124
20
37
109
124
20
37
109
124
20
37
107
124
20
37
106
124
20
37
104
122
20
37
107
118
20
37
107
118
20
37
107
116
20
37
106
116
20
37
104
118
20
37
104
120
20
37
103
123
20
37
105
123
20
37
106
124
20
37
106
123
20
37
106
123
20
37
106
123
20
37
106
123
20
37
104
123
20
37
103
123
20
37
101
123
20
37
101
123
20
37
99
123
20
37
99
123
20
37
100
123
20
37
101
124
20
37
100
125
20
37
99
125
20
37
100
125
20
37
100
124
20
37
99
123
20
37
99
121
20
37
99
121
20
37
97
121
20
37
95
120
20
37
94
121
20
37
93
122
20
37
92
123
20
37
92
123
20
37
92
123
20
37
90
122
20
37
89
122
20
37
88
120
20
37
89
120
20
37
89
120
20
37
89
119
20
37
89
120
20
37
88
121
20
37
87
122
20
37
86
122
20
37
86
122
20
37
85
120
20
37
84
122
20
37
82
120
20
37
82
120
20
37
82
120
20
37
81
119
20
37
81
120
20
37
80
120
20
37
78
121
20
37
76
120
20
37
76
118
20
37
76
118
20
37
77
118
20
37
78
118
20
37
77
118
20
37
75
118
20
37
73
117
20
37
71
117
20
37
70
118
20
37
70
117
20
37
70
117
20
37
70
117
20
37
71
117
20
37
71
118
20
37
71
120
20
37
70
120
20
37
