0
812
341
330
20
37
343
328
20
37
344
326
20
37
344
324
20
37
344
323
20
37
344
323
20
37
343
321
20
37
342
321
20
37
339
321
20
37
337
321
20
37
337
322
20
37
336
324
20
37
336
324
20
37
337
323
20
37
339
321
20
37
339
320
20
37
340
318
20
37
340
317
20
37
339
318
20
37
338
318
20
37
337
319
20
37
337
319
20
37
336
319
20
37
336
319
20
37
337
319
20
37
337
321
20
37
337
323
20
37
337
321
20
37
336
322
20
37
335
322
20
37
335
323
20
37
335
323
20
37
335
321
20
37
335
321
20
37
335
321
20
37
335
321
20
37
336
321
20
37
337
321
20
37
337
322
20
37
336
322
20
37
335
324
20
37
334
324
20
37
333
324
20
37
332
324
20
37
331
324
20
37
331
324
20
37
332
324
20
37
331
325
20
37
330
326
20
37
330
326
20
37
331
326
20
37
331
326
20
37
330
325
20
37
329
324
20
37
329
322
20
37
329
321
20
37
330
321
20
37
329
321
20
37
329
321
20
37
329
323
20
37
329
323
20
37
329
323
20
37
329
323
20
37
329
323
20
37
329
323
20
37
329
321
20
37
329
321
20
37
332
314
20
37
332
314
20
37
331
314
20
37
331
314
20
37
331
314
20
37
330
316
20
37
331
316
20
37
331
317
20
37
331
317
20
37
331
316
20
37
331
316
20
37
329
316
20
37
328
316
20
37
328
316
20
37
327
316
20
37
328
316
20
37
329
316
20
37
329
316
20
37
329
317
20
37
329
316
20
37
330
316
20
37
331
315
20
37
331
315
20
37
330
315
20
37
329
315
20
37
328
313
20
37
327
313
20
37
325
313
20
37
323
313
20
37
322
313
20
37
322
312
20
37
322
313
20
37
323
312
20
37
325
312
20
37
325
312
20
37
325
312
20
37
326
311
20
37
325
311
20
37
324
311
20
37
323
310
20
37
323
308
20
37
322
322
20
37
322
323
20
37
322
323
20
37
322
323
20
37
322
324
20
37
323
324
20
37
322
323
20
37
320
321
20
37
318
320
20
37
317
318
20
37
317
318
20
37
318
320
20
37
318
321
20
37
319
321
20
37
320
322
20
37
320
323
20
37
321
323
20
37
321
321
20
37
320
321
20
37
319
321
20
37
317
321
20
37
317
321
20
37
316
320
20
37
323
322
20
37
323
323
20
37
323
323
20
37
323
322
20
37
323
322
20
37
322
321
20
37
322
321
20
37
321
321
20
37
323
322
20
37
323
322
20
37
321
325
20
37
320
325
20
37
320
326
20
37
319
326
20
37
319
325
20
37
319
327
20
37
319
328
20
37
320
327
20
37
320
326
20
37
321
326
20
37
321
326
20
37
321
326
20
37
319
327
20
37
319
326
20
37
318
324
20
37
317
323
20
37
316
323
20
37
317
325
20
37
317
325
20
37
318
326
20
37
318
326
20
37
318
326
20
37
318
326
20
37
318
325
20
37
319
323
20
37
317
325
20
37
317
325
20
37
318
327
20
37
317
328
20
37
317
328
20
37
317
328
20
37
317
328
20
37
318
329
20
37
317
328
20
37
317
328
20
37
317
328
20
37
317
328
20
37
317
328
20
37
317
327
20
37
316
327
20
37
316
327
20
37
316
323
20
37
316
322
20
37
316
322
20
37
315
323
20
37
316
324
20
37
316
324
20
37
315
323
20
37
315
323
20
37
315
323
20
37
315
321
20
37
315
321
20
37
316
323
20
37
316
323
20
37
315
323
20
37
315
324
20
37
315
324
20
37
315
324
20
37
315
324
20
37
314
324
20
37
314
323
20
37
314
323
20
37
314
323
20
37
314
323
20
37
315
323
20
37
315
321
20
37
315
322
20
37
315
322
20
37
315
322
20
37
315
323
20
37
314
323
20
37
315
322
20
37
314
321
20
37
314
321
20
37
313
321
20
37
312
321
20
37
311
320
20
37
311
320
20
37
311
320
20
37
313
322
20
37
314
322
20
37
315
322
20
37
316
325
20
37
316
325
20
37
315
325
20
37
314
325
20
37
314
325
20
37
314
325
20
37
313
324
20
37
313
324
20
37
312
324
20
37
312
323
20
37
311
322
20
37
311
322
20
37
310
324
20
37
310
324
20
37
311
324
20
37
312
324
20
37
313
324
20
37
313
322
20
37
313
320
20
37
313
318
20
37
312
319
20
37
311
319
20
37
312
321
20
37
312
323
20
37
313
323
20
37
313
325
20
37
314
325
20
37
313
323
20
37
313
321
20
37
313
322
20
37
313
324
20
37
312
324
20
37
311
322
20
37
312
322
20
37
311
322
20
37
311
322
20
37
311
322
20
37
311
322
20
37
311
324
20
37
312
325
20
37
312
326
20
37
310
327
20
37
311
327
20
37
310
325
20
37
311
325
20
37
311
324
20
37
310
324
20
37
310
325
20
37
310
326
20
37
311
326
20
37
311
326
20
37
310
326
20
37
311
325
20
37
310
325
20
37
308
324
20
37
308
322
20
37
308
322
20
37
308
322
20
37
308
324
20
37
309
324
20
37
308
326
20
37
309
326
20
37
310
325
20
37
309
324
20
37
311
325
20
37
310
325
20
37
311
324
20
37
311
324
20
37
311
324
20
37
311
324
20
37
310
324
20
37
309
324
20
37
309
324
20
37
308
323
20
37
308
324
20
37
309
324
20
37
309
324
20
37
308
323
20
37
308
323
20
37
307
323
20
37
306
323
20
37
304
324
20
37
303
324
20
37
302
323
20
37
301
323
20
37
302
323
20
37
303
323
20
37
304
323
20
37
303
322
20
37
302
322
20
37
302
322
20
37
302
320
20
37
302
317
20
37
301
315
20
37
300
315
20
37
300
315
20
37
300
315
20
37
300
315
20
37
301
317
20
37
301
317
20
37
301
317
20
37
300
317
20
37
298
317
20
37
296
318
20
37
294
318
20
37
292
324
20
37
293
322
20
37
292
322
20
37
292
322
20
37
292
321
20
37
292
321
20
37
290
321
20
37
290
321
20
37
290
323
20
37
289
323
20
37
288
323
20
37
288
325
20
37
288
325
20
37
287
325
20
37
286
325
20
37
287
324
20
37
287
324
20
37
286
324
20
37
285
322
20
37
284
321
20
37
284
321
20
37
283
321
20
37
282
321
20
37
281
321
20
37
280
319
20
37
279
320
20
37
278
320
20
37
278
320
20
37
278
320
20
37
278
320
20
37
278
320
20
37
278
320
20
37
278
320
20
37
278
320
20
37
277
319
20
37
277
319
20
37
275
318
20
37
274
319
20
37
274
318
20
37
274
316
20
37
274
316
20
37
275
320
20
37
276
320
20
37
278
321
20
37
278
321
20
37
278
321
20
37
278
321
20
37
278
319
20
37
278
318
20
37
279
317
20
37
279
317
20
37
278
320
20
37
278
320
20
37
278
321
20
37
279
321
20
37
280
321
20
37
281
321
20
37
281
319
20
37
280
319
20
37
280
319
20
37
279
318
20
37
279
318
20
37
279
318
20
37
280
316
20
37
280
316
20
37
278
318
20
37
278
318
20
37
278
317
20
37
280
317
20
37
281
318
20
37
282
316
20
37
283
316
20
37
283
316
20
37
283
316
20
37
282
314
20
37
281
314
20
37
281
312
20
37
281
309
20
37
280
309
20
37
280
309
20
37
282
308
20
37
284
310
20
37
284
310
20
37
284
310
20
37
285
310
20
37
286
308
20
37
286
308
20
37
287
306
20
37
288
304
20
37
287
304
20
37
287
304
20
37
287
304
20
37
287
310
20
37
287
312
20
37
287
312
20
37
288
312
20
37
288
312
20
37
288
312
20
37
288
311
20
37
290
311
20
37
291
309
20
37
292
309
20
37
293
311
20
37
293
312
20
37
292
312
20
37
292
312
20
37
292
314
20
37
292
314
20
37
291
313
20
37
290
312
20
37
290
312
20
37
290
312
20
37
290
310
20
37
290
312
20
37
290
312
20
37
289
311
20
37
288
311
20
37
289
310
20
37
289
308
20
37
291
308
20
37
292
308
20
37
291
308
20
37
289
308
20
37
288
308
20
37
286
308
20
37
285
308
20
37
286
307
20
37
287
307
20
37
288
307
20
37
289
307
20
37
289
307
20
37
290
309
20
37
290
311
20
37
289
310
20
37
287
309
20
37
286
307
20
37
286
307
20
37
286
307
20
37
286
307
20
37
286
307
20
37
286
307
20
37
287
308
20
37
286
308
20
37
285
308
20
37
285
308
20
37
285
308
20
37
285
308
20
37
285
308
20
37
285
308
20
37
289
307
20
37
289
307
20
37
289
307
20
37
288
307
20
37
288
308
20
37
288
309
20
37
287
309
20
37
288
309
20
37
288
310
20
37
288
309
20
37
287
308
20
37
287
308
20
37
286
307
20
37
286
307
20
37
286
307
20
37
286
307
20
37
285
306
20
37
284
308
20
37
282
308
20
37
282
308
20
37
281
308
20
37
280
308
20
37
280
308
20
37
280
309
20
37
278
309
20
37
277
309
20
37
277
309
20
37
275
309
20
37
275
309
20
37
273
310
20
37
273
310
20
37
272
310
20
37
272
311
20
37
272
311
20
37
272
311
20
37
271
311
20
37
270
311
20
37
271
311
20
37
271
311
20
37
269
311
20
37
268
311
20
37
267
311
20
37
266
313
20
37
272
318
20
37
273
318
20
37
272
320
20
37
271
320
20
37
270
320
20
37
269
320
20
37
268
320
20
37
268
319
20
37
268
319
20
37
268
318
20
37
267
318
20
37
267
318
20
37
266
318
20
37
264
318
20
37
262
316
20
37
260
318
20
37
258
318
20
37
256
318
20
37
254
318
20
37
252
318
20
37
251
319
20
37
251
319
20
37
250
318
20
37
249
318
20
37
249
318
20
37
249
318
20
37
248
318
20
37
247
317
20
37
247
317
20
37
247
317
20
37
245
317
20
37
243
317
20
37
241
317
20
37
240
317
20
37
238
317
20
37
236
319
20
37
234
319
20
37
232
319
20
37
230
319
20
37
229
319
20
37
229
318
20
37
224
324
20
37
223
323
20
37
221
323
20
37
220
321
20
37
219
320
20
37
218
320
20
37
217
322
20
37
216
323
20
37
216
323
20
37
214
325
20
37
212
325
20
37
210
325
20
37
209
324
20
37
207
324
20
37
205
323
20
37
204
323
20
37
203
321
20
37
202
321
20
37
201
321
20
37
199
321
20
37
198
321
20
37
198
322
20
37
197
322
20
37
195
322
20
37
193
323
20
37
191
323
20
37
190
323
20
37
188
323
20
37
187
323
20
37
185
321
20
37
184
321
20
37
183
321
20
37
182
322
20
37
181
322
20
37
181
321
20
37
181
321
20
37
180
323
20
37
178
323
20
37
176
323
20
37
174
323
20
37
172
323
20
37
171
323
20
37
169
323
20
37
168
321
20
37
167
322
20
37
166
322
20
37
164
322
20
37
163
322
20
37
162
321
20
37
161
319
20
37
160
317
20
37
159
318
20
37
158
328
20
37
156
328
20
37
154
329
20
37
154
329
20
37
152
329
20
37
150
328
20
37
150
329
20
37
150
329
20
37
149
329
20
37
148
329
20
37
147
329
20
37
146
329
20
37
144
328
20
37
142
328
20
37
141
327
20
37
139
326
20
37
138
326
20
37
137
327
20
37
136
327
20
37
135
327
20
37
134
327
20
37
134
327
20
37
134
326
20
37
133
327
20
37
131
327
20
37
130
327
20
37
129
327
20
37
128
327
20
37
126
327
20
37
125
327
20
37
124
329
20
37
123
330
20
37
123
332
20
37
121
330
20
37
121
330
20
37
120
331
20
37
119
331
20
37
118
331
20
37
117
331
20
37
116
331
20
37
114
331
20
37
113
334
20
37
114
334
20
37
113
333
20
37
113
334
20
37
113
335
20
37
112
335
20
37
110
334
20
37
108
333
20
37
106
331
20
37
104
331
20
37
105
331
20
37
105
331
20
37
105
330
20
37
105
329
20
37
106
327
20
37
106
327
20
37
105
327
20
37
104
327
20
37
104
327
20
37
104
326
20
37
103
330
20
37
102
330
20
37
101
331
20
37
100
331
20
37
99
331
20
37
98
331
20
37
97
332
20
37
97
332
20
37
95
330
20
37
94
330
20
37
94
330
20
37
95
330
20
37
94
330
20
37
93
330
20
37
91
330
20
37
90
330
20
37
89
330
20
37
88
330
20
37
89
330
20
37
88
331
20
37
87
333
20
37
87
333
20
37
87
333
20
37
85
335
20
37
84
335
20
37
83
333
20
37
82
331
20
37
81
329
20
37
80
328
20
37
78
330
20
37
77
330
20
37
75
332
20
37
76
332
20
37
77
332
20
37
78
332
20
37
79
330
20
37
78
330
20
37
77
330
20
37
76
330
20
37
75
330
20
37
75
329
20
37
76
323
20
37
77
322
20
37
77
322
20
37
78
322
20
37
78
322
20
37
78
320
20
37
78
319
20
37
77
319
20
37
75
319
20
37
74
319
20
37
74
319
20
37
75
319
20
37
75
317
20
37
74
315
20
37
75
315
20
37
76
314
20
37
76
315
20
37
75
316
20
37
75
317
20
37
76
316
20
37
76
316
20
37
75
316
20
37
75
316
20
37
75
316
20
37
74
315
20
37
73
315
20
37
73
315
20
37
72
315
20
37
72
315
20
37
72
315
20
37
72
315
20
37
73
315
20
37
73
315
20
37
73
315
20
37
72
315
20
37
71
314
20
37
72
312
20
37
72
312
20
37
72
312
20
37
71
312
20
37
71
312
20
37
70
324
20
37
69
324
20
37
69
323
20
37
69
323
20
37
70
323
20
37
70
321
20
37
70
319
20
37
70
319
20
37
69
320
20
37
69
320
20
37
68
320
20
37
68
320
20
37
67
320
20
37
66
319
20
37
65
320
20
37
64
320
20
37
64
320
20
37
64
320
20
37
63
320
20
37
63
318
20
37
62
318
20
37
62
318
20
37
62
318
20
37
62
318
20
37
61
318
20
37
61
318
20
37
62
317
20
37
62
317
20
37
62
317
20
37
62
317
20
37
62
317
20
37
62
317
20
37
60
317
20
37
59
317
20
37
58
317
20
37
58
317
20
37
56
317
20
37
55
316
20
37
54
316
20
37
53
316
20
37
53
315
20
37
49
318
20
37
48
320
20
37
46
319
20
37
44
318
20
37
43
319
20
37
44
317
20
37
43
319
20
37
41
319
20
37
40
319
20
37
39
318
20
37
39
318
20
37
38
317
20
37
38
317
20
37
38
315
20
37
37
315
20
37
