0
719
2
188
20
37
4
186
20
37
5
184
20
37
5
182
20
37
6
180
20
37
7
179
20
37
6
177
20
37
5
177
20
37
2
177
20
37
0
178
20
37
0
178
20
37
0
179
20
37
0
178
20
37
2
176
20
37
4
175
20
37
4
174
20
37
5
172
20
37
5
172
20
37
4
173
20
37
4
173
20
37
4
174
20
37
4
172
20
37
4
172
20
37
4
172
20
37
5
172
20
37
5
172
20
37
5
172
20
37
5
172
20
37
4
171
20
37
4
172
20
37
4
172
20
37
4
171
20
37
4
169
20
37
4
168
20
37
5
168
20
37
5
168
20
37
6
168
20
37
7
168
20
37
8
168
20
37
8
168
20
37
7
170
20
37
6
170
20
37
5
170
20
37
4
170
20
37
4
170
20
37
5
169
20
37
6
169
20
37
6
170
20
37
5
170
20
37
6
170
20
37
7
170
20
37
7
170
20
37
1
172
20
37
1
170
20
37
1
170
20
37
1
170
20
37
2
170
20
37
1
170
20
37
1
170
20
37
1
170
20
37
1
170
20
37
1
170
20
37
1
170
20
37
1
170
20
37
0
169
20
37
1
167
20
37
1
167
20
37
1
167
20
37
1
167
20
37
1
167
20
37
1
167
20
37
1
167
20
37
0
168
20
37
1
168
20
37
2
169
20
37
2
169
20
37
2
167
20
37
2
167
20
37
1
166
20
37
4
166
20
37
4
166
20
37
3
166
20
37
4
166
20
37
5
166
20
37
5
166
20
37
5
168
20
37
5
167
20
37
6
166
20
37
7
166
20
37
7
166
20
37
6
166
20
37
4
166
20
37
3
166
20
37
2
165
20
37
1
165
20
37
2
165
20
37
0
167
20
37
0
168
20
37
0
165
20
37
2
163
20
37
3
163
20
37
3
163
20
37
4
163
20
37
6
163
20
37
5
166
20
37
5
166
20
37
4
166
20
37
4
166
20
37
5
165
20
37
5
165
20
37
5
164
20
37
5
164
20
37
5
164
20
37
6
164
20
37
6
164
20
37
5
162
20
37
3
161
20
37
2
161
20
37
3
161
20
37
4
161
20
37
4
163
20
37
6
163
20
37
7
164
20
37
7
165
20
37
8
165
20
37
8
164
20
37
7
163
20
37
6
162
20
37
4
162
20
37
4
162
20
37
4
163
20
37
0
163
20
37
1
163
20
37
1
163
20
37
2
162
20
37
3
163
20
37
4
162
20
37
4
162
20
37
4
162
20
37
3
161
20
37
4
163
20
37
4
164
20
37
3
164
20
37
3
165
20
37
2
165
20
37
2
166
20
37
2
166
20
37
2
167
20
37
3
167
20
37
3
166
20
37
4
166
20
37
5
166
20
37
5
166
20
37
3
165
20
37
3
163
20
37
2
161
20
37
1
161
20
37
0
161
20
37
1
162
20
37
1
162
20
37
2
163
20
37
2
163
20
37
2
163
20
37
2
163
20
37
2
161
20
37
3
160
20
37
1
162
20
37
1
162
20
37
2
162
20
37
1
163
20
37
2
165
20
37
2
165
20
37
2
165
20
37
3
165
20
37
3
165
20
37
2
165
20
37
3
163
20
37
3
163
20
37
3
163
20
37
3
163
20
37
3
163
20
37
4
159
20
37
4
159
20
37
4
160
20
37
4
161
20
37
3
161
20
37
4
161
20
37
4
161
20
37
3
161
20
37
3
161
20
37
3
160
20
37
3
158
20
37
3
158
20
37
4
158
20
37
4
158
20
37
3
158
20
37
3
159
20
37
3
159
20
37
3
158
20
37
3
158
20
37
3
156
20
37
3
156
20
37
3
156
20
37
3
156
20
37
2
156
20
37
2
154
20
37
2
152
20
37
3
152
20
37
3
152
20
37
3
152
20
37
2
165
20
37
1
167
20
37
2
165
20
37
1
164
20
37
1
163
20
37
2
160
20
37
0
163
20
37
0
163
20
37
0
163
20
37
0
163
20
37
2
163
20
37
3
164
20
37
4
165
20
37
5
165
20
37
5
165
20
37
4
165
20
37
3
164
20
37
3
164
20
37
3
164
20
37
2
163
20
37
2
163
20
37
2
163
20
37
2
163
20
37
2
163
20
37
2
163
20
37
1
164
20
37
1
166
20
37
2
166
20
37
3
166
20
37
3
165
20
37
4
164
20
37
4
164
20
37
5
164
20
37
4
164
20
37
3
164
20
37
3
166
20
37
3
166
20
37
4
166
20
37
4
164
20
37
5
164
20
37
4
162
20
37
4
160
20
37
4
158
20
37
4
160
20
37
3
160
20
37
2
159
20
37
2
161
20
37
2
161
20
37
2
161
20
37
2
162
20
37
2
164
20
37
2
165
20
37
2
166
20
37
2
167
20
37
2
167
20
37
0
164
20
37
0
164
20
37
1
164
20
37
5
161
20
37
4
161
20
37
0
160
20
37
0
161
20
37
1
159
20
37
2
159
20
37
1
159
20
37
1
159
20
37
0
158
20
37
0
156
20
37
0
154
20
37
2
154
20
37
2
154
20
37
3
154
20
37
3
154
20
37
3
156
20
37
4
156
20
37
5
156
20
37
4
154
20
37
2
160
20
37
4
159
20
37
5
159
20
37
5
160
20
37
5
160
20
37
5
160
20
37
5
160
20
37
5
161
20
37
5
161
20
37
5
161
20
37
5
161
20
37
6
161
20
37
7
161
20
37
6
159
20
37
6
159
20
37
6
159
20
37
6
159
20
37
5
159
20
37
2
156
20
37
1
156
20
37
1
156
20
37
2
156
20
37
3
156
20
37
4
156
20
37
4
157
20
37
4
159
20
37
4
159
20
37
4
158
20
37
4
159
20
37
3
159
20
37
7
154
20
37
7
154
20
37
7
154
20
37
8
154
20
37
10
154
20
37
10
156
20
37
10
156
20
37
10
156
20
37
9
156
20
37
1
154
20
37
0
154
20
37
0
152
20
37
1
152
20
37
1
152
20
37
5
154
20
37
5
155
20
37
6
155
20
37
5
154
20
37
5
154
20
37
6
154
20
37
6
154
20
37
6
154
20
37
6
156
20
37
6
157
20
37
6
157
20
37
6
157
20
37
7
157
20
37
7
157
20
37
7
157
20
37
7
157
20
37
7
157
20
37
8
157
20
37
8
157
20
37
7
157
20
37
7
157
20
37
7
157
20
37
7
159
20
37
7
159
20
37
7
159
20
37
7
159
20
37
8
158
20
37
9
158
20
37
9
158
20
37
9
158
20
37
9
158
20
37
9
157
20
37
9
157
20
37
7
158
20
37
7
157
20
37
8
156
20
37
8
156
20
37
8
156
20
37
8
156
20
37
9
156
20
37
10
156
20
37
5
155
20
37
5
155
20
37
5
155
20
37
5
154
20
37
5
154
20
37
5
154
20
37
4
154
20
37
2
151
20
37
2
151
20
37
2
152
20
37
3
152
20
37
4
151
20
37
5
151
20
37
5
149
20
37
4
149
20
37
4
149
20
37
3
148
20
37
3
148
20
37
3
148
20
37
4
147
20
37
4
148
20
37
2
150
20
37
3
150
20
37
4
156
20
37
3
152
20
37
4
153
20
37
5
152
20
37
5
152
20
37
5
152
20
37
5
151
20
37
4
150
20
37
3
150
20
37
2
150
20
37
3
148
20
37
2
148
20
37
2
148
20
37
3
148
20
37
4
149
20
37
3
150
20
37
2
150
20
37
3
149
20
37
3
149
20
37
3
147
20
37
3
145
20
37
6
149
20
37
5
149
20
37
4
150
20
37
4
150
20
37
4
152
20
37
3
154
20
37
3
154
20
37
4
152
20
37
4
152
20
37
4
151
20
37
4
149
20
37
6
149
20
37
7
149
20
37
7
149
20
37
8
149
20
37
7
148
20
37
6
148
20
37
5
150
20
37
5
150
20
37
4
150
20
37
4
150
20
37
3
149
20
37
3
149
20
37
3
149
20
37
9
149
20
37
9
150
20
37
9
150
20
37
8
150
20
37
7
150
20
37
8
149
20
37
8
149
20
37
10
149
20
37
11
149
20
37
10
149
20
37
9
149
20
37
8
147
20
37
6
147
20
37
6
147
20
37
7
146
20
37
8
146
20
37
9
146
20
37
10
146
20
37
10
147
20
37
11
148
20
37
11
148
20
37
10
147
20
37
9
145
20
37
8
143
20
37
8
141
20
37
8
141
20
37
8
141
20
37
8
141
20
37
8
141
20
37
9
141
20
37
8
142
20
37
7
142
20
37
8
141
20
37
8
141
20
37
8
139
20
37
9
139
20
37
9
139
20
37
9
137
20
37
9
137
20
37
8
145
20
37
7
145
20
37
7
145
20
37
7
146
20
37
7
148
20
37
8
147
20
37
8
147
20
37
8
147
20
37
8
147
20
37
8
147
20
37
8
145
20
37
8
145
20
37
8
145
20
37
8
144
20
37
8
144
20
37
7
145
20
37
6
145
20
37
6
145
20
37
6
146
20
37
6
146
20
37
7
145
20
37
8
144
20
37
7
144
20
37
7
144
20
37
8
144
20
37
8
142
20
37
9
142
20
37
8
142
20
37
8
142
20
37
8
143
20
37
8
143
20
37
9
143
20
37
9
144
20
37
9
144
20
37
9
144
20
37
11
144
20
37
11
144
20
37
10
143
20
37
10
143
20
37
10
143
20
37
10
144
20
37
9
146
20
37
10
145
20
37
9
146
20
37
9
146
20
37
9
146
20
37
9
146
20
37
9
146
20
37
9
146
20
37
10
146
20
37
11
145
20
37
11
145
20
37
12
145
20
37
12
145
20
37
11
145
20
37
10
147
20
37
9
148
20
37
9
148
20
37
8
146
20
37
8
146
20
37
8
146
20
37
9
147
20
37
10
147
20
37
10
147
20
37
11
147
20
37
12
148
20
37
13
148
20
37
12
149
20
37
13
149
20
37
14
148
20
37
15
148
20
37
14
148
20
37
14
148
20
37
13
147
20
37
13
145
20
37
13
146
20
37
13
146
20
37
12
146
20
37
12
146
20
37
12
146
20
37
12
145
20
37
13
144
20
37
9
140
20
37
9
139
20
37
8
139
20
37
8
137
20
37
8
137
20
37
8
137
20
37
8
139
20
37
8
141
20
37
9
141
20
37
9
141
20
37
9
141
20
37
9
141
20
37
9
142
20
37
8
142
20
37
8
142
20
37
8
141
20
37
8
140
20
37
8
140
20
37
8
138
20
37
7
138
20
37
7
139
20
37
8
140
20
37
11
139
20
37
10
139
20
37
10
140
20
37
9
140
20
37
10
139
20
37
10
140
20
37
10
139
20
37
9
137
20
37
9
137
20
37
9
137
20
37
9
137
20
37
9
137
20
37
11
139
20
37
13
137
20
37
13
139
20
37
13
139
20
37
12
139
20
37
12
137
20
37
12
138
20
37
13
138
20
37
13
138
20
37
14
138
20
37
14
137
20
37
14
137
20
37
14
137
20
37
14
137
20
37
14
138
20
37
14
138
20
37
14
136
20
37
14
136
20
37
14
136
20
37
13
136
20
37
13
135
20
37
14
135
20
37
14
135
20
37
14
133
20
37
15
134
20
37
16
134
20
37
16
134
20
37
16
133
20
37
16
133
20
37
16
133
20
37
15
131
20
37
14
130
20
37
14
129
20
37
13
129
20
37
13
129
20
37
13
129
20
37
13
129
20
37
13
128
20
37
13
128
20
37
14
128
20
37
13
127
20
37
13
132
20
37
12
133
20
37
12
133
20
37
12
133
20
37
11
133
20
37
10
133
20
37
10
133
20
37
10
133
20
37
10
134
20
37
10
134
20
37
14
131
20
37
16
130
20
37
15
130
20
37
15
130
20
37
15
130
20
37
15
128
20
37
15
126
20
37
14
126
20
37
14
124
20
37
14
129
20
37
14
129
20
37
15
129
20
37
15
130
20
37
14
130
20
37
13
129
20
37
12
128
20
37
11
126
20
37
10
126
20
37
11
126
20
37
11
127
20
37
12
127
20
37
13
126
20
37
15
126
20
37
15
126
20
37
14
126
20
37
14
127
20
37
14
124
20
37
14
124
20
37
13
127
20
37
13
127
20
37
12
127
20
37
11
125
20
37
11
125
20
37
11
125
20
37
11
124
20
37
12
124
20
37
11
123
20
37
11
123
20
37
12
123
20
37
14
122
20
37
14
122
20
37
14
122
20
37
13
122
20
37
13
122
20
37
13
122
20
37
12
122
20
37
14
122
20
37
14
123
20
37
14
123
20
37
15
122
20
37
16
123
20
37
15
123
20
37
15
123
20
37
15
121
20
37
15
119
20
37
15
118
20
37
14
117
20
37
13
117
20
37
12
117
20
37
11
117
20
37
12
117
20
37
14
117
20
37
15
117
20
37
16
117
20
37
16
116
20
37
16
115
20
37
15
116
20
37
14
116
20
37
14
117
20
37
9
120
20
37
10
120
20
37
10
120
20
37
11
120
20
37
