0
1376
275
340
13
35
273
340
13
35
270
340
13
35
268
342
13
35
267
341
13
35
265
342
13
35
266
345
13
35
265
345
13
35
264
345
13
35
261
345
13
35
260
345
13
35
258
345
13
35
256
345
13
35
253
345
13
35
252
345
13
35
252
346
13
35
251
346
13
35
251
346
13
35
250
349
13
35
250
349
13
35
250
349
13
35
250
349
13
35
249
349
13
35
248
349
13
35
247
348
13
35
247
348
13
35
247
350
13
35
247
350
13
35
248
350
13
35
248
351
13
35
248
353
13
35
250
352
13
35
251
352
13
35
252
353
13
35
253
353
13
35
252
353
13
35
252
353
13
35
253
353
13
35
253
353
13
35
254
353
13
35
255
353
13
35
256
354
13
35
257
354
13
35
258
354
13
35
258
354
13
35
259
355
13
35
259
355
13
35
259
355
13
35
260
355
13
35
260
354
13
35
262
354
13
35
262
354
13
35
263
354
13
35
263
354
13
35
263
354
13
35
264
356
13
35
265
357
13
35
267
357
13
35
268
357
13
35
265
363
13
35
265
362
13
35
265
362
13
35
266
362
13
35
267
362
13
35
268
362
13
35
268
362
13
35
269
361
13
35
269
361
13
35
268
361
13
35
267
361
13
35
268
361
13
35
270
361
13
35
271
361
13
35
272
361
13
35
273
360
13
35
273
361
13
35
273
361
13
35
274
360
13
35
275
360
13
35
276
360
13
35
277
360
13
35
275
358
13
35
275
358
13
35
277
358
13
35
279
357
13
35
281
357
13
35
282
357
13
35
284
357
13
35
285
355
13
35
285
354
13
35
286
355
13
35
287
355
13
35
289
355
13
35
289
354
13
35
290
355
13
35
291
357
13
35
291
358
13
35
291
357
13
35
292
358
13
35
292
358
13
35
293
358
13
35
293
358
13
35
295
359
13
35
297
359
13
35
299
359
13
35
300
359
13
35
300
359
13
35
302
358
13
35
304
358
13
35
302
356
13
35
311
354
13
35
312
354
13
35
312
354
13
35
312
356
13
35
311
356
13
35
309
356
13
35
309
355
13
35
309
355
13
35
311
356
13
35
312
356
13
35
314
357
13
35
313
355
13
35
315
354
13
35
317
354
13
35
319
355
13
35
322
355
13
35
324
354
13
35
326
354
13
35
324
355
13
35
326
355
13
35
327
353
13
35
328
352
13
35
329
352
13
35
328
350
13
35
328
350
13
35
327
349
13
35
328
347
13
35
329
345
13
35
330
344
13
35
331
344
13
35
333
346
13
35
334
346
13
35
333
346
13
35
333
346
13
35
334
346
13
35
333
346
13
35
334
345
13
35
336
345
13
35
338
345
13
35
339
344
13
35
340
344
13
35
340
345
13
35
340
346
13
35
340
346
13
35
340
347
13
35
341
346
13
35
341
346
13
35
342
344
13
35
343
344
13
35
344
343
13
35
345
342
13
35
345
340
13
35
346
339
13
35
347
339
13
35
347
340
13
35
347
340
13
35
349
342
13
35
350
342
13
35
351
341
13
35
351
342
13
35
352
343
13
35
352
343
13
35
351
342
13
35
351
341
13
35
351
339
13
35
352
339
13
35
353
339
13
35
355
339
13
35
357
338
13
35
359
339
13
35
360
339
13
35
363
339
13
35
363
338
13
35
363
339
13
35
362
339
13
35
362
337
13
35
364
337
13
35
365
337
13
35
366
337
13
35
368
338
13
35
369
338
13
35
370
338
13
35
370
338
13
35
371
338
13
35
372
338
13
35
371
337
13
35
372
336
13
35
373
336
13
35
374
336
13
35
375
336
13
35
376
337
13
35
377
337
13
35
378
336
13
35
378
336
13
35
379
335
13
35
379
335
13
35
378
335
13
35
378
333
13
35
379
333
13
35
379
331
13
35
380
329
13
35
380
328
13
35
380
327
13
35
379
326
13
35
378
326
13
35
379
326
13
35
379
326
13
35
381
324
13
35
382
324
13
35
382
324
13
35
382
324
13
35
383
323
13
35
383
327
13
35
383
325
13
35
384
324
13
35
385
323
13
35
386
324
13
35
386
324
13
35
386
324
13
35
386
325
13
35
386
325
13
35
386
325
13
35
385
324
13
35
385
324
13
35
385
322
13
35
385
322
13
35
385
322
13
35
385
321
13
35
386
320
13
35
385
321
13
35
385
321
13
35
385
321
13
35
385
321
13
35
385
320
13
35
384
319
13
35
384
319
13
35
384
319
13
35
383
320
13
35
384
320
13
35
384
321
13
35
385
321
13
35
385
321
13
35
385
321
13
35
386
321
13
35
386
321
13
35
385
322
13
35
386
321
13
35
386
321
13
35
385
321
13
35
386
320
13
35
385
320
13
35
386
320
13
35
387
320
13
35
388
320
13
35
389
320
13
35
389
320
13
35
389
320
13
35
389
319
13
35
390
319
13
35
391
319
13
35
391
319
13
35
390
319
13
35
391
317
13
35
390
317
13
35
391
315
13
35
390
315
13
35
390
315
13
35
390
315
13
35
390
315
13
35
391
315
13
35
391
315
13
35
391
315
13
35
390
314
13
35
391
312
13
35
391
312
13
35
391
311
13
35
390
310
13
35
389
310
13
35
390
310
13
35
391
311
13
35
392
311
13
35
393
311
13
35
393
312
13
35
394
312
13
35
394
312
13
35
394
311
13
35
395
311
13
35
395
310
13
35
396
308
13
35
397
306
13
35
397
304
13
35
397
302
13
35
397
302
13
35
398
301
13
35
398
302
13
35
398
301
13
35
397
301
13
35
398
301
13
35
399
300
13
35
399
300
13
35
399
300
13
35
399
300
13
35
401
302
13
35
402
302
13
35
403
302
13
35
404
303
13
35
403
303
13
35
399
301
13
35
398
300
13
35
399
300
13
35
399
300
13
35
400
298
13
35
400
297
13
35
398
297
13
35
398
296
13
35
398
296
13
35
397
296
13
35
396
296
13
35
402
296
13
35
402
296
13
35
402
295
13
35
402
295
13
35
402
294
13
35
402
294
13
35
402
294
13
35
402
293
13
35
402
293
13
35
402
293
13
35
403
293
13
35
403
293
13
35
404
292
13
35
403
292
13
35
402
292
13
35
402
291
13
35
403
290
13
35
403
290
13
35
403
289
13
35
402
288
13
35
401
288
13
35
400
288
13
35
400
287
13
35
400
287
13
35
400
286
13
35
401
286
13
35
401
286
13
35
400
286
13
35
399
286
13
35
398
284
13
35
398
284
13
35
396
284
13
35
396
284
13
35
396
284
13
35
396
284
13
35
396
284
13
35
397
285
13
35
397
284
13
35
398
284
13
35
397
284
13
35
396
284
13
35
396
287
13
35
394
286
13
35
394
284
13
35
394
283
13
35
394
283
13
35
394
283
13
35
395
283
13
35
394
283
13
35
393
282
13
35
392
282
13
35
392
282
13
35
391
282
13
35
390
281
13
35
389
281
13
35
389
281
13
35
390
283
13
35
391
284
13
35
391
285
13
35
393
285
13
35
393
285
13
35
393
285
13
35
392
283
13
35
391
285
13
35
389
284
13
35
388
284
13
35
388
284
13
35
388
284
13
35
388
284
13
35
388
284
13
35
387
284
13
35
387
284
13
35
387
284
13
35
388
284
13
35
387
286
13
35
386
286
13
35
387
288
13
35
386
288
13
35
386
288
13
35
387
287
13
35
386
287
13
35
387
286
13
35
386
285
13
35
385
284
13
35
384
284
13
35
383
284
13
35
382
283
13
35
384
284
13
35
385
284
13
35
385
284
13
35
384
285
13
35
384
284
13
35
384
284
13
35
384
284
13
35
384
283
13
35
383
283
13
35
383
283
13
35
383
283
13
35
383
283
13
35
383
282
13
35
383
283
13
35
384
283
13
35
384
283
13
35
384
283
13
35
384
284
13
35
384
284
13
35
385
284
13
35
386
284
13
35
386
284
13
35
386
284
13
35
387
285
13
35
389
288
13
35
389
288
13
35
389
286
13
35
389
286
13
35
389
286
13
35
389
284
13
35
388
284
13
35
390
289
13
35
389
289
13
35
390
288
13
35
391
288
13
35
391
289
13
35
393
291
13
35
394
291
13
35
395
291
13
35
395
290
13
35
395
290
13
35
395
290
13
35
395
290
13
35
395
290
13
35
395
290
13
35
396
292
13
35
397
292
13
35
398
292
13
35
398
292
13
35
399
293
13
35
399
293
13
35
399
293
13
35
398
293
13
35
398
292
13
35
399
291
13
35
400
291
13
35
401
292
13
35
401
291
13
35
402
292
13
35
402
293
13
35
403
293
13
35
404
293
13
35
405
294
13
35
405
296
13
35
404
298
13
35
404
298
13
35
403
298
13
35
403
298
13
35
403
299
13
35
404
299
13
35
404
300
13
35
400
308
13
35
401
307
13
35
401
309
13
35
401
308
13
35
400
308
13
35
401
308
13
35
401
308
13
35
402
308
13
35
401
309
13
35
402
309
13
35
402
309
13
35
400
309
13
35
404
310
13
35
406
311
13
35
407
313
13
35
406
313
13
35
406
313
13
35
405
313
13
35
404
314
13
35
404
314
13
35
405
316
13
35
405
316
13
35
405
316
13
35
405
316
13
35
405
316
13
35
404
316
13
35
405
316
13
35
405
318
13
35
405
318
13
35
405
318
13
35
405
318
13
35
405
318
13
35
406
318
13
35
405
318
13
35
406
321
13
35
405
321
13
35
406
321
13
35
406
321
13
35
406
322
13
35
406
324
13
35
406
326
13
35
406
328
13
35
406
329
13
35
406
329
13
35
405
329
13
35
405
329
13
35
405
329
13
35
405
329
13
35
405
329
13
35
406
329
13
35
406
328
13
35
406
330
13
35
405
330
13
35
403
329
13
35
402
330
13
35
401
330
13
35
400
330
13
35
400
331
13
35
401
331
13
35
403
333
13
35
404
333
13
35
405
333
13
35
405
334
13
35
404
334
13
35
404
334
13
35
404
335
13
35
403
336
13
35
403
337
13
35
403
337
13
35
403
337
13
35
403
338
13
35
402
339
13
35
402
340
13
35
402
341
13
35
402
341
13
35
402
345
13
35
401
345
13
35
400
346
13
35
401
347
13
35
400
348
13
35
398
349
13
35
396
349
13
35
395
349
13
35
394
351
13
35
394
351
13
35
393
351
13
35
392
352
13
35
391
354
13
35
391
354
13
35
389
354
13
35
388
354
13
35
387
353
13
35
385
353
13
35
384
353
13
35
383
353
13
35
382
354
13
35
380
356
13
35
378
356
13
35
377
356
13
35
375
357
13
35
381
366
13
35
379
366
13
35
379
368
13
35
378
368
13
35
373
365
13
35
372
366
13
35
370
368
13
35
370
369
13
35
370
370
13
35
368
371
13
35
364
372
13
35
364
373
13
35
364
373
13
35
364
373
13
35
363
373
13
35
363
373
13
35
363
371
13
35
362
370
13
35
359
368
13
35
354
371
13
35
351
371
13
35
348
371
13
35
346
373
13
35
344
375
13
35
344
378
13
35
345
380
13
35
345
379
13
35
344
381
13
35
342
383
13
35
340
385
13
35
340
385
13
35
339
386
13
35
338
386
13
35
339
384
13
35
339
384
13
35
336
374
13
35
335
374
13
35
335
372
13
35
334
371
13
35
333
371
13
35
341
374
13
35
341
373
13
35
341
373
13
35
340
373
13
35
340
373
13
35
339
374
13
35
339
374
13
35
340
375
13
35
341
376
13
35
341
375
13
35
337
376
13
35
337
376
13
35
337
377
13
35
336
379
13
35
335
381
13
35
335
382
13
35
333
380
13
35
333
379
13
35
333
379
13
35
334
379
13
35
334
381
13
35
335
381
13
35
335
383
13
35
334
381
13
35
334
381
13
35
334
379
13
35
335
379
13
35
335
379
13
35
335
380
13
35
334
379
13
35
332
379
13
35
331
381
13
35
330
381
13
35
330
381
13
35
325
377
13
35
324
377
13
35
324
377
13
35
323
379
13
35
322
378
13
35
322
379
13
35
322
380
13
35
322
381
13
35
321
381
13
35
320
381
13
35
319
380
13
35
318
380
13
35
317
380
13
35
315
380
13
35
314
380
13
35
313
378
13
35
312
378
13
35
312
378
13
35
311
376
13
35
309
376
13
35
309
376
13
35
308
374
13
35
307
374
13
35
306
374
13
35
306
374
13
35
305
376
13
35
303
376
13
35
303
382
13
35
303
382
13
35
302
383
13
35
301
383
13
35
300
383
13
35
299
383
13
35
298
381
13
35
296
382
13
35
295
382
13
35
294
382
13
35
293
382
13
35
292
382
13
35
292
382
13
35
291
382
13
35
290
382
13
35
289
382
13
35
288
381
13
35
287
381
13
35
285
381
13
35
285
379
13
35
285
379
13
35
284
379
13
35
282
379
13
35
281
381
13
35
279
381
13
35
277
381
13
35
275
382
13
35
273
382
13
35
277
386
13
35
275
386
13
35
274
386
13
35
274
386
13
35
273
386
13
35
272
384
13
35
271
384
13
35
271
384
13
35
270
384
13
35
269
383
13
35
268
383
13
35
268
383
13
35
267
383
13
35
266
383
13
35
264
383
13
35
262
382
13
35
261
382
13
35
262
382
13
35
260
382
13
35
259
383
13
35
258
382
13
35
257
384
13
35
257
384
13
35
256
383
13
35
255
383
13
35
254
383
13
35
253
382
13
35
252
383
13
35
251
383
13
35
251
385
13
35
250
385
13
35
250
385
13
35
249
385
13
35
248
385
13
35
247
385
13
35
246
384
13
35
244
384
13
35
241
384
13
35
233
390
13
35
232
390
13
35
230
390
13
35
229
390
13
35
229
392
13
35
227
392
13
35
227
392
13
35
227
391
13
35
227
392
13
35
228
392
13
35
228
392
13
35
228
392
13
35
227
394
13
35
226
394
13
35
224
395
13
35
223
395
13
35
221
397
13
35
218
397
13
35
217
398
13
35
217
398
13
35
216
398
13
35
215
396
13
35
214
396
13
35
214
391
13
35
211
391
13
35
210
391
13
35
211
391
13
35
211
391
13
35
210
391
13
35
209
391
13
35
207
392
13
35
207
392
13
35
206
392
13
35
205
394
13
35
204
395
13
35
204
393
13
35
202
395
13
35
200
396
13
35
200
396
13
35
199
396
13
35
198
396
13
35
197
398
13
35
196
398
13
35
195
396
13
35
194
396
13
35
193
394
13
35
192
394
13
35
190
394
13
35
188
394
13
35
187
394
13
35
186
394
13
35
186
394
13
35
187
394
13
35
188
396
13
35
187
398
13
35
186
397
13
35
184
395
13
35
183
396
13
35
181
398
13
35
181
391
13
35
179
391
13
35
176
391
13
35
175
391
13
35
177
390
13
35
177
390
13
35
177
389
13
35
177
389
13
35
176
389
13
35
176
389
13
35
175
389
13
35
175
389
13
35
175
389
13
35
173
390
13
35
172
390
13
35
171
389
13
35
171
389
13
35
172
388
13
35
171
388
13
35
171
388
13
35
167
393
13
35
167
392
13
35
167
392
13
35
167
394
13
35
166
393
13
35
164
393
13
35
163
392
13
35
162
391
13
35
162
391
13
35
161
392
13
35
160
392
13
35
160
391
13
35
160
392
13
35
161
392
13
35
160
391
13
35
158
390
13
35
158
390
13
35
156
390
13
35
155
390
13
35
155
390
13
35
154
390
13
35
153
389
13
35
152
388
13
35
151
388
13
35
150
389
13
35
150
390
13
35
150
389
13
35
149
389
13
35
149
389
13
35
149
389
13
35
147
387
13
35
145
387
13
35
144
386
13
35
144
386
13
35
147
389
13
35
146
388
13
35
145
388
13
35
146
388
13
35
146
388
13
35
145
386
13
35
144
386
13
35
144
386
13
35
144
386
13
35
145
387
13
35
145
387
13
35
145
387
13
35
144
387
13
35
143
389
13
35
143
389
13
35
144
390
13
35
145
390
13
35
145
387
13
35
145
386
13
35
146
386
13
35
145
386
13
35
144
386
13
35
145
386
13
35
143
384
13
35
142
384
13
35
141
384
13
35
140
384
13
35
141
384
13
35
141
384
13
35
141
384
13
35
142
384
13
35
141
384
13
35
140
384
13
35
139
384
13
35
139
383
13
35
139
383
13
35
140
383
13
35
140
382
13
35
141
382
13
35
141
382
13
35
141
382
13
35
140
393
13
35
140
393
13
35
140
393
13
35
139
392
13
35
137
392
13
35
136
392
13
35
135
392
13
35
135
392
13
35
136
392
13
35
135
392
13
35
135
392
13
35
135
392
13
35
135
392
13
35
135
393
13
35
135
393
13
35
135
393
13
35
135
393
13
35
134
393
13
35
134
393
13
35
134
393
13
35
134
393
13
35
133
393
13
35
133
393
13
35
133
393
13
35
132
392
13
35
132
392
13
35
132
392
13
35
132
392
13
35
131
390
13
35
130
390
13
35
130
391
13
35
129
391
13
35
128
390
13
35
127
390
13
35
127
390
13
35
127
390
13
35
127
391
13
35
127
391
13
35
126
390
13
35
126
391
13
35
126
393
13
35
133
397
13
35
133
397
13
35
134
398
13
35
134
399
13
35
130
394
13
35
130
394
13
35
128
393
13
35
128
393
13
35
129
393
13
35
130
393
13
35
129
392
13
35
128
391
13
35
128
391
13
35
128
391
13
35
127
391
13
35
126
391
13
35
126
391
13
35
125
391
13
35
125
391
13
35
125
393
13
35
127
393
13
35
127
393
13
35
127
394
13
35
126
394
13
35
125
394
13
35
125
394
13
35
124
394
13
35
124
395
13
35
124
395
13
35
124
394
13
35
124
394
13
35
124
394
13
35
124
392
13
35
123
392
13
35
122
392
13
35
122
392
13
35
122
392
13
35
122
393
13
35
121
392
13
35
122
392
13
35
122
392
13
35
121
393
13
35
121
393
13
35
122
393
13
35
122
394
13
35
124
395
13
35
124
395
13
35
124
396
13
35
122
396
13
35
121
396
13
35
121
396
13
35
121
395
13
35
122
395
13
35
123
394
13
35
123
392
13
35
122
392
13
35
122
392
13
35
121
392
13
35
121
392
13
35
119
392
13
35
119
394
13
35
118
394
13
35
118
394
13
35
118
394
13
35
118
394
13
35
119
394
13
35
124
399
13
35
125
399
13
35
126
399
13
35
126
399
13
35
126
399
13
35
126
399
13
35
125
400
13
35
126
400
13
35
126
399
13
35
126
399
13
35
125
398
13
35
126
397
13
35
127
396
13
35
127
396
13
35
128
396
13
35
128
396
13
35
129
395
13
35
129
397
13
35
129
397
13
35
129
397
13
35
128
397
13
35
126
396
13
35
126
396
13
35
127
398
13
35
127
398
13
35
128
398
13
35
129
398
13
35
131
399
13
35
132
398
13
35
132
397
13
35
133
397
13
35
133
397
13
35
133
397
13
35
133
397
13
35
133
398
13
35
133
397
13
35
133
397
13
35
133
397
13
35
134
397
13
35
134
397
13
35
135
397
13
35
134
401
13
35
133
401
13
35
134
401
13
35
135
402
13
35
135
402
13
35
135
402
13
35
135
403
13
35
136
403
13
35
135
404
13
35
134
404
13
35
134
405
13
35
135
406
13
35
136
405
13
35
137
406
13
35
138
406
13
35
138
405
13
35
137
405
13
35
137
405
13
35
137
406
13
35
137
406
13
35
136
406
13
35
136
406
13
35
137
407
13
35
137
408
13
35
141
410
13
35
141
411
13
35
140
411
13
35
139
410
13
35
138
410
13
35
136
409
13
35
136
407
13
35
136
408
13
35
137
408
13
35
137
407
13
35
137
408
13
35
138
408
13
35
139
408
13
35
139
408
13
35
147
414
13
35
147
414
13
35
148
414
13
35
148
414
13
35
148
414
13
35
147
413
13
35
147
413
13
35
148
413
13
35
148
413
13
35
148
413
13
35
148
413
13
35
148
413
13
35
148
413
13
35
148
413
13
35
149
413
13
35
150
414
13
35
151
414
13
35
151
414
13
35
151
414
13
35
151
414
13
35
150
414
13
35
149
415
13
35
150
416
13
35
150
415
13
35
151
415
13
35
151
415
13
35
151
415
13
35
153
414
13
35
153
414
13
35
153
414
13
35
153
415
13
35
152
415
13
35
153
414
13
35
152
414
13
35
152
414
13
35
153
414
13
35
153
414
13
35
153
414
13
35
153
416
13
35
154
416
13
35
155
417
13
35
157
420
13
35
157
421
13
35
157
422
13
35
158
422
13
35
159
422
13
35
160
422
13
35
160
422
13
35
160
422
13
35
161
422
13
35
161
422
13
35
161
422
13
35
161
421
13
35
160
421
13
35
160
421
13
35
160
420
13
35
158
421
13
35
158
422
13
35
158
423
13
35
158
423
13
35
159
424
13
35
159
424
13
35
160
424
13
35
161
425
13
35
162
425
13
35
163
425
13
35
165
424
13
35
164
424
13
35
165
424
13
35
165
424
13
35
165
424
13
35
165
423
13
35
165
422
13
35
165
422
13
35
165
422
13
35
165
423
13
35
165
423
13
35
165
423
13
35
166
424
13
35
166
424
13
35
167
423
13
35
166
423
13
35
158
429
13
35
158
429
13
35
158
429
13
35
164
431
13
35
165
431
13
35
167
433
13
35
168
433
13
35
167
432
13
35
168
432
13
35
168
433
13
35
168
433
13
35
164
434
13
35
165
434
13
35
164
434
13
35
165
434
13
35
166
434
13
35
168
436
13
35
169
437
13
35
170
438
13
35
171
438
13
35
171
438
13
35
170
436
13
35
170
436
13
35
170
436
13
35
170
438
13
35
172
437
13
35
172
437
13
35
175
437
13
35
176
437
13
35
176
438
13
35
177
439
13
35
179
439
13
35
179
439
13
35
181
438
13
35
182
439
13
35
183
439
13
35
179
435
13
35
182
435
13
35
182
435
13
35
182
434
13
35
183
434
13
35
185
434
13
35
186
435
13
35
186
434
13
35
184
436
13
35
185
436
13
35
185
436
13
35
186
435
13
35
187
434
13
35
189
432
13
35
191
431
13
35
198
431
13
35
199
431
13
35
201
431
13
35
202
431
13
35
203
432
13
35
204
431
13
35
204
433
13
35
205
433
13
35
205
433
13
35
205
433
13
35
205
433
13
35
205
433
13
35
206
432
13
35
205
430
13
35
206
428
13
35
206
426
13
35
207
426
13
35
207
427
13
35
208
427
13
35
209
426
13
35
210
425
13
35
211
424
13
35
212
424
13
35
214
423
13
35
216
422
13
35
218
422
13
35
219
422
13
35
220
421
13
35
222
421
13
35
224
421
13
35
225
421
13
35
227
420
13
35
228
420
13
35
229
420
13
35
232
420
13
35
233
420
13
35
235
420
13
35
238
420
13
35
241
420
13
35
243
421
13
35
245
422
13
35
238
430
13
35
239
432
13
35
240
433
13
35
240
433
13
35
240
431
13
35
247
430
13
35
248
430
13
35
248
430
13
35
249
429
13
35
250
429
13
35
251
430
13
35
251
431
13
35
252
432
13
35
253
432
13
35
253
432
13
35
257
440
13
35
258
438
13
35
261
428
13
35
262
428
13
35
264
430
13
35
265
431
13
35
267
433
13
35
268
435
13
35
270
436
13
35
272
436
13
35
272
438
13
35
273
439
13
35
273
441
13
35
273
441
13
35
273
441
13
35
274
440
13
35
274
440
13
35
274
441
13
35
274
441
13
35
273
441
13
35
273
441
13
35
274
440
13
35
274
440
13
35
275
440
13
35
275
440
13
35
276
440
13
35
275
440
13
35
274
439
13
35
273
439
13
35
272
439
13
35
272
438
13
35
271
438
13
35
272
439
13
35
273
441
13
35
273
441
13
35
272
441
13
35
271
441
13
35
271
441
13
35
271
441
13
35
270
441
13
35
269
441
13
35
268
441
13
35
268
440
13
35
267
439
13
35
267
439
13
35
267
439
13
35
266
439
13
35
264
439
13
35
263
439
13
35
262
441
13
35
263
441
13
35
261
441
13
35
260
441
13
35
258
441
13
35
257
441
13
35
255
439
13
35
254
439
13
35
254
439
13
35
253
439
13
35
253
440
13
35
253
441
13
35
251
440
13
35
248
440
13
35
247
440
13
35
246
440
13
35
245
440
13
35
244
438
13
35
242
438
13
35
242
438
13
35
243
441
13
35
242
440
13
35
242
439
13
35
240
439
13
35
239
439
13
35
238
440
13
35
236
441
13
35
234
439
13
35
232
439
13
35
230
439
13
35
229
439
13
35
228
440
13
35
227
440
13
35
226
440
13
35
226
440
13
35
226
440
13
35
224
440
13
35
223
440
13
35
222
440
13
35
221
440
13
35
221
440
13
35
220
440
13
35
220
441
13
35
218
441
13
35
215
441
13
35
