0
155
177
328
13
35
174
328
13
35
171
328
13
35
169
330
13
35
168
330
13
35
165
330
13
35
163
333
13
35
162
333
13
35
161
333
13
35
154
334
13
35
152
333
13
35
149
333
13
35
151
335
13
35
146
335
13
35
144
335
13
35
144
337
13
35
143
337
13
35
142
336
13
35
142
336
13
35
142
336
13
35
142
336
13
35
141
336
13
35
139
336
13
35
137
336
13
35
136
335
13
35
136
335
13
35
131
335
13
35
130
334
13
35
130
334
13
35
129
335
13
35
127
335
13
35
127
333
13
35
127
333
13
35
127
335
13
35
126
337
13
35
124
339
13
35
122
339
13
35
122
340
13
35
121
340
13
35
121
340
13
35
122
342
13
35
121
340
13
35
120
338
13
35
120
338
13
35
119
339
13
35
118
339
13
35
117
339
13
35
116
341
13
35
116
341
13
35
115
341
13
35
116
341
13
35
115
339
13
35
114
337
13
35
113
337
13
35
111
337
13
35
110
337
13
35
111
337
13
35
111
338
13
35
110
339
13
35
109
339
13
35
108
340
13
35
107
341
13
35
107
341
13
35
107
342
13
35
107
342
13
35
105
341
13
35
104
340
13
35
102
340
13
35
100
340
13
35
98
339
13
35
97
339
13
35
96
339
13
35
95
341
13
35
94
341
13
35
94
341
13
35
92
343
13
35
90
345
13
35
89
344
13
35
88
344
13
35
87
343
13
35
86
341
13
35
86
341
13
35
85
341
13
35
85
341
13
35
84
341
13
35
83
343
13
35
81
342
13
35
80
342
13
35
78
342
13
35
77
344
13
35
75
345
13
35
74
345
13
35
74
345
13
35
74
347
13
35
73
345
13
35
72
346
13
35
71
350
13
35
70
350
13
35
68
350
13
35
66
350
13
35
65
350
13
35
64
350
13
35
63
350
13
35
63
350
13
35
62
352
13
35
60
352
13
35
58
352
13
35
58
352
13
35
58
349
13
35
58
349
13
35
57
349
13
35
56
349
13
35
55
349
13
35
55
349
13
35
54
349
13
35
53
348
13
35
52
350
13
35
50
349
13
35
48
351
13
35
46
349
13
35
43
349
13
35
41
351
13
35
39
351
13
35
36
351
13
35
35
351
13
35
35
349
13
35
35
348
13
35
33
347
13
35
32
353
13
35
32
353
13
35
31
352
13
35
31
353
13
35
29
353
13
35
27
353
13
35
25
354
13
35
22
354
13
35
21
354
13
35
20
354
13
35
19
354
13
35
18
354
13
35
16
356
13
35
15
357
13
35
13
357
13
35
11
358
13
35
10
359
13
35
8
361
13
35
7
361
13
35
7
361
13
35
7
362
13
35
6
361
13
35
6
363
13
35
4
365
13
35
3
366
13
35
5
367
13
35
2
367
13
35
