370
851
305
260
13
35
305
258
13
35
305
258
13
35
305
259
13
35
305
260
13
35
305
260
13
35
305
260
13
35
304
261
13
35
304
261
13
35
304
262
13
35
303
263
13
35
303
263
13
35
303
264
13
35
304
264
13
35
305
264
13
35
306
264
13
35
306
266
13
35
308
266
13
35
308
266
13
35
308
266
13
35
307
266
13
35
305
266
13
35
303
265
13
35
301
265
13
35
301
265
13
35
301
263
13
35
301
263
13
35
301
263
13
35
300
261
13
35
300
261
13
35
300
261
13
35
301
261
13
35
301
267
13
35
300
267
13
35
300
267
13
35
300
267
13
35
300
267
13
35
301
267
13
35
300
266
13
35
301
264
13
35
301
262
13
35
301
262
13
35
300
262
13
35
299
262
13
35
299
262
13
35
301
262
13
35
302
260
13
35
302
260
13
35
302
260
13
35
302
258
13
35
302
258
13
35
302
257
13
35
302
257
13
35
301
257
13
35
301
255
13
35
301
256
13
35
301
256
13
35
302
264
13
35
302
264
13
35
303
264
13
35
303
264
13
35
303
265
13
35
302
266
13
35
302
267
13
35
303
267
13
35
304
267
13
35
304
267
13
35
304
267
13
35
305
267
13
35
305
269
13
35
304
268
13
35
304
268
13
35
304
270
13
35
303
270
13
35
303
270
13
35
302
270
13
35
302
270
13
35
301
272
13
35
301
270
13
35
302
272
13
35
302
273
13
35
303
275
13
35
303
270
13
35
304
270
13
35
304
270
13
35
304
270
13
35
304
270
13
35
304
270
13
35
304
270
13
35
304
270
13
35
304
271
13
35
305
272
13
35
306
272
13
35
306
272
13
35
306
274
13
35
306
275
13
35
306
275
13
35
304
275
13
35
304
275
13
35
304
274
13
35
304
274
13
35
304
276
13
35
306
271
13
35
307
271
13
35
307
272
13
35
308
272
13
35
308
272
13
35
309
273
13
35
308
274
13
35
306
274
13
35
305
274
13
35
304
274
13
35
303
274
13
35
303
276
13
35
304
276
13
35
303
276
13
35
302
276
13
35
303
276
13
35
303
278
13
35
302
277
13
35
301
277
13
35
301
277
13
35
301
277
13
35
301
277
13
35
299
278
13
35
299
278
13
35
299
278
13
35
298
280
13
35
297
280
13
35
298
280
13
35
298
281
13
35
297
281
13
35
297
282
13
35
296
282
13
35
295
283
13
35
295
283
13
35
296
284
13
35
295
284
13
35
295
286
13
35
295
286
13
35
294
285
13
35
293
286
13
35
293
286
13
35
293
288
13
35
293
288
13
35
292
287
13
35
292
287
13
35
292
287
13
35
293
288
13
35
291
289
13
35
290
288
13
35
288
288
13
35
288
288
13
35
288
289
13
35
287
289
13
35
286
290
13
35
286
292
13
35
286
294
13
35
285
294
13
35
285
294
13
35
284
295
13
35
284
295
13
35
283
294
13
35
283
294
13
35
283
294
13
35
283
294
13
35
283
294
13
35
282
295
13
35
280
295
13
35
278
296
13
35
276
296
13
35
275
296
13
35
274
296
13
35
273
296
13
35
273
296
13
35
274
297
13
35
274
297
13
35
274
297
13
35
273
297
13
35
272
297
13
35
271
297
13
35
270
298
13
35
269
299
13
35
268
299
13
35
268
299
13
35
267
299
13
35
266
299
13
35
265
300
13
35
264
300
13
35
263
299
13
35
263
299
13
35
263
300
13
35
262
300
13
35
261
300
13
35
262
300
13
35
261
300
13
35
259
300
13
35
257
300
13
35
257
300
13
35
255
300
13
35
256
301
13
35
256
302
13
35
255
304
13
35
255
306
13
35
255
306
13
35
253
306
13
35
253
306
13
35
253
306
13
35
251
306
13
35
251
306
13
35
251
306
13
35
250
306
13
35
249
308
13
35
248
308
13
35
248
308
13
35
247
308
13
35
247
309
13
35
248
311
13
35
247
311
13
35
246
310
13
35
245
310
13
35
244
310
13
35
243
310
13
35
244
312
13
35
245
313
13
35
246
314
13
35
245
315
13
35
245
315
13
35
245
314
13
35
246
314
13
35
245
314
13
35
244
314
13
35
244
314
13
35
242
313
13
35
242
313
13
35
241
314
13
35
240
314
13
35
239
316
13
35
238
316
13
35
238
316
13
35
237
317
13
35
236
317
13
35
236
317
13
35
235
318
13
35
235
318
13
35
234
318
13
35
234
319
13
35
234
320
13
35
233
321
13
35
234
321
13
35
234
321
13
35
233
321
13
35
232
322
13
35
231
320
13
35
230
320
13
35
229
321
13
35
227
320
13
35
227
321
13
35
227
322
13
35
226
322
13
35
225
322
13
35
224
323
13
35
224
324
13
35
223
324
13
35
224
326
13
35
224
326
13
35
220
332
13
35
218
331
13
35
225
334
13
35
222
334
13
35
220
335
13
35
219
335
13
35
217
335
13
35
216
334
13
35
216
334
13
35
216
334
13
35
215
335
13
35
216
335
13
35
215
336
13
35
214
336
13
35
213
336
13
35
213
336
13
35
213
336
13
35
213
336
13
35
212
336
13
35
211
336
13
35
209
336
13
35
208
336
13
35
207
336
13
35
207
337
13
35
207
337
13
35
206
337
13
35
206
337
13
35
205
339
13
35
205
339
13
35
205
340
13
35
206
340
13
35
206
341
13
35
206
341
13
35
206
341
13
35
206
341
13
35
205
341
13
35
204
341
13
35
203
340
13
35
202
341
13
35
202
339
13
35
201
341
13
35
201
341
13
35
201
341
13
35
205
348
13
35
205
348
13
35
205
348
13
35
203
348
13
35
202
348
13
35
202
348
13
35
202
351
13
35
200
351
13
35
199
351
13
35
199
350
13
35
199
351
13
35
199
351
13
35
198
351
13
35
198
352
13
35
197
351
13
35
196
351
13
35
195
352
13
35
195
352
13
35
195
352
13
35
194
352
13
35
194
353
13
35
193
353
13
35
193
353
13
35
193
353
13
35
194
353
13
35
194
353
13
35
193
353
13
35
194
353
13
35
195
353
13
35
195
354
13
35
194
355
13
35
194
356
13
35
194
358
13
35
192
358
13
35
191
358
13
35
191
359
13
35
191
359
13
35
191
360
13
35
191
361
13
35
191
361
13
35
191
362
13
35
184
367
13
35
184
367
13
35
184
367
13
35
184
367
13
35
183
366
13
35
183
366
13
35
183
366
13
35
183
366
13
35
183
365
13
35
182
363
13
35
181
361
13
35
180
363
13
35
182
363
13
35
181
363
13
35
181
364
13
35
180
365
13
35
180
367
13
35
180
367
13
35
180
367
13
35
180
367
13
35
179
367
13
35
179
367
13
35
178
368
13
35
178
368
13
35
179
369
13
35
179
369
13
35
179
369
13
35
179
367
13
35
179
367
13
35
179
367
13
35
179
368
13
35
178
368
13
35
176
368
13
35
175
367
13
35
175
367
13
35
174
367
13
35
174
368
13
35
175
369
13
35
174
369
13
35
174
369
13
35
175
369
13
35
178
370
13
35
180
371
13
35
180
371
13
35
180
371
13
35
180
372
13
35
180
372
13
35
179
370
13
35
179
370
13
35
177
370
13
35
175
370
13
35
175
369
13
35
175
369
13
35
175
369
13
35
175
369
13
35
175
369
13
35
173
369
13
35
171
368
13
35
171
368
13
35
173
367
13
35
173
368
13
35
173
368
13
35
173
368
13
35
172
369
13
35
173
369
13
35
173
369
13
35
173
370
13
35
173
371
13
35
173
370
13
35
173
370
13
35
172
369
13
35
173
369
13
35
173
370
13
35
173
370
13
35
173
370
13
35
173
370
13
35
172
369
13
35
172
369
13
35
171
368
13
35
170
368
13
35
169
369
13
35
168
369
13
35
170
371
13
35
169
371
13
35
170
370
13
35
171
370
13
35
173
371
13
35
172
371
13
35
171
369
13
35
171
369
13
35
171
369
13
35
170
369
13
35
170
369
13
35
169
369
13
35
167
369
13
35
166
367
13
35
167
369
13
35
167
369
13
35
171
373
13
35
171
372
13
35
170
372
13
35
170
372
13
35
169
372
13
35
169
371
13
35
169
371
13
35
167
372
13
35
166
372
13
35
166
371
13
35
166
372
13
35
168
371
13
35
167
371
13
35
167
372
13
35
166
372
13
35
166
371
13
35
170
371
13
35
169
371
13
35
168
371
13
35
166
371
13
35
165
371
13
35
164
371
13
35
164
371
13
35
163
371
13
35
162
371
13
35
163
371
13
35
163
372
13
35
164
372
13
35
164
372
13
35
162
371
13
35
166
373
13
35
164
373
13
35
164
374
13
35
164
374
13
35
163
374
13
35
162
373
13
35
161
372
13
35
160
372
13
35
159
373
13
35
159
374
13
35
159
372
13
35
159
373
13
35
159
373
13
35
159
374
13
35
158
374
13
35
162
375
13
35
162
375
13
35
162
375
13
35
162
375
13
35
162
375
13
35
161
374
13
35
162
374
13
35
161
374
13
35
161
374
13
35
160
374
13
35
161
376
13
35
161
376
13
35
162
376
13
35
162
376
13
35
162
376
13
35
161
376
13
35
160
378
13
35
160
378
13
35
160
378
13
35
161
378
13
35
162
377
13
35
162
377
13
35
163
377
13
35
162
377
13
35
161
377
13
35
161
377
13
35
160
377
13
35
159
377
13
35
158
377
13
35
157
377
13
35
158
378
13
35
157
378
13
35
157
378
13
35
158
378
13
35
158
378
13
35
157
378
13
35
156
378
13
35
157
378
13
35
157
378
13
35
158
379
13
35
158
378
13
35
160
374
13
35
160
374
13
35
160
374
13
35
159
374
13
35
159
374
13
35
159
374
13
35
158
374
13
35
156
374
13
35
155
374
13
35
155
374
13
35
155
373
13
35
155
373
13
35
154
373
13
35
154
373
13
35
154
373
13
35
154
373
13
35
154
373
13
35
154
373
13
35
154
373
13
35
154
373
13
35
153
373
13
35
153
373
13
35
153
373
13
35
153
374
13
35
153
375
13
35
153
375
13
35
153
375
13
35
152
374
13
35
152
373
13
35
152
373
13
35
153
373
13
35
153
373
13
35
152
373
13
35
152
374
13
35
151
374
13
35
150
374
13
35
149
374
13
35
148
373
13
35
149
375
13
35
149
376
13
35
149
376
13
35
148
378
13
35
148
378
13
35
148
380
13
35
148
379
13
35
148
379
13
35
148
378
13
35
148
379
13
35
148
379
13
35
148
379
13
35
146
378
13
35
146
378
13
35
147
378
13
35
148
378
13
35
147
377
13
35
147
377
13
35
147
377
13
35
147
376
13
35
146
376
13
35
145
376
13
35
145
376
13
35
144
376
13
35
143
375
13
35
143
376
13
35
145
376
13
35
146
378
13
35
147
380
13
35
146
380
13
35
145
380
13
35
145
380
13
35
144
381
13
35
145
383
13
35
144
383
13
35
143
381
13
35
144
381
13
35
144
381
13
35
145
381
13
35
144
381
13
35
143
381
13
35
143
381
13
35
143
380
13
35
143
381
13
35
139
376
13
35
140
376
13
35
140
376
13
35
139
376
13
35
139
377
13
35
140
377
13
35
140
377
13
35
141
379
13
35
141
379
13
35
141
380
13
35
139
380
13
35
138
380
13
35
138
380
13
35
139
380
13
35
139
378
13
35
141
378
13
35
141
377
13
35
140
377
13
35
140
377
13
35
140
377
13
35
139
377
13
35
138
377
13
35
137
377
13
35
136
377
13
35
137
378
13
35
137
378
13
35
137
378
13
35
138
379
13
35
138
379
13
35
138
379
13
35
139
380
13
35
139
380
13
35
139
380
13
35
138
380
13
35
137
380
13
35
137
379
13
35
137
379
13
35
137
379
13
35
136
377
13
35
137
376
13
35
138
375
13
35
139
379
13
35
140
379
13
35
141
379
13
35
141
378
13
35
141
379
13
35
141
379
13
35
140
379
13
35
139
379
13
35
137
379
13
35
137
380
13
35
137
381
13
35
137
381
13
35
138
381
13
35
139
381
13
35
141
383
13
35
142
383
13
35
142
382
13
35
143
382
13
35
142
382
13
35
142
382
13
35
142
383
13
35
142
383
13
35
143
383
13
35
143
383
13
35
143
383
13
35
138
382
13
35
138
381
13
35
139
381
13
35
138
382
13
35
137
382
13
35
138
382
13
35
138
383
13
35
137
383
13
35
135
377
13
35
135
378
13
35
136
378
13
35
135
379
13
35
134
379
13
35
134
380
13
35
134
380
13
35
134
379
13
35
134
378
13
35
137
382
13
35
137
382
13
35
136
382
13
35
136
382
13
35
136
383
13
35
135
383
13
35
134
383
13
35
134
383
13
35
134
383
13
35
134
384
13
35
135
385
13
35
135
386
13
35
134
386
13
35
133
386
13
35
132
386
13
35
131
388
13
35
130
386
13
35
130
386
13
35
131
386
13
35
131
385
13
35
131
386
13
35
131
386
13
35
132
387
13
35
132
388
13
35
133
388
13
35
132
388
13
35
131
383
13
35
130
382
13
35
128
382
13
35
126
381
13
35
124
381
13
35
124
380
13
35
123
380
13
35
122
380
13
35
121
380
13
35
120
380
13
35
119
381
13
35
118
382
13
35
118
382
13
35
118
383
13
35
118
383
13
35
118
383
13
35
117
383
13
35
116
383
13
35
115
384
13
35
114
385
13
35
114
386
13
35
113
386
13
35
112
385
13
35
111
385
13
35
110
385
13
35
114
386
13
35
112
386
13
35
111
386
13
35
110
388
13
35
108
388
13
35
108
388
13
35
106
388
13
35
105
388
13
35
105
388
13
35
104
388
13
35
103
388
13
35
102
390
13
35
102
391
13
35
102
391
13
35
101
391
13
35
100
392
13
35
98
392
13
35
97
393
13
35
96
393
13
35
96
393
13
35
95
394
13
35
94
395
13
35
93
394
13
35
92
394
13
35
91
394
13
35
90
393
13
35
88
393
13
35
87
393
13
35
86
392
13
35
83
392
13
35
82
393
13
35
80
393
13
35
80
395
13
35
79
395
13
35
78
395
13
35
78
396
13
35
77
396
13
35
77
397
13
35
76
396
13
35
76
396
13
35
74
397
13
35
75
394
13
35
74
394
13
35
73
394
13
35
72
395
13
35
70
393
13
35
68
393
13
35
66
393
13
35
64
393
13
35
62
392
13
35
60
392
13
35
59
392
13
35
58
392
13
35
58
393
13
35
55
393
13
35
53
393
13
35
51
392
13
35
50
392
13
35
49
392
13
35
48
393
13
35
49
393
13
35
48
393
13
35
46
393
13
35
44
392
13
35
43
393
13
35
41
392
13
35
40
392
13
35
39
392
13
35
37
392
13
35
36
391
13
35
35
391
13
35
35
393
13
35
34
392
13
35
33
391
13
35
32
391
13
35
30
391
13
35
28
391
13
35
26
391
13
35
24
391
13
35
22
390
13
35
22
389
13
35
21
390
13
35
21
392
13
35
20
392
13
35
18
392
13
35
17
393
13
35
17
393
13
35
15
393
13
35
15
393
13
35
13
393
13
35
11
392
13
35
8
392
13
35
7
390
13
35
5
390
13
35
3
389
13
35
2
387
13
35
2
387
13
35
0
387
13
35
0
387
13
35
0
390
13
35
0
390
13
35
