818
160
120
441
13
35
128
441
13
35
129
441
13
35
129
441
13
35
129
441
13
35
130
441
13
35
132
441
13
35
132
441
13
35
132
441
13
35
133
440
13
35
135
441
13
35
138
441
13
35
135
441
13
35
136
441
13
35
138
441
13
35
135
441
13
35
140
441
13
35
139
441
13
35
138
441
13
35
140
441
13
35
139
441
13
35
141
441
13
35
142
441
13
35
141
441
13
35
143
441
13
35
142
441
13
35
146
441
13
35
143
441
13
35
149
441
13
35
149
441
13
35
150
441
13
35
149
441
13
35
153
441
13
35
147
441
13
35
153
441
13
35
154
441
13
35
154
441
13
35
155
441
13
35
156
441
13
35
157
439
13
35
158
439
13
35
158
441
13
35
159
441
13
35
160
440
13
35
161
438
13
35
161
441
13
35
161
440
13
35
162
440
13
35
160
441
13
35
161
441
13
35
161
441
13
35
163
440
13
35
164
440
13
35
164
441
13
35
164
441
13
35
165
441
13
35
166
441
13
35
167
440
13
35
167
440
13
35
168
440
13
35
168
440
13
35
167
440
13
35
168
439
13
35
169
440
13
35
171
440
13
35
172
438
13
35
174
438
13
35
176
438
13
35
176
439
13
35
176
439
13
35
178
438
13
35
177
438
13
35
177
438
13
35
177
438
13
35
177
436
13
35
178
435
13
35
183
441
13
35
184
441
13
35
186
441
13
35
187
441
13
35
187
441
13
35
187
441
13
35
189
441
13
35
190
441
13
35
192
440
13
35
193
438
13
35
195
438
13
35
196
438
13
35
197
438
13
35
198
438
13
35
200
438
13
35
201
437
13
35
201
437
13
35
200
436
13
35
200
436
13
35
200
436
13
35
201
436
13
35
202
436
13
35
202
441
13
35
203
440
13
35
204
440
13
35
206
439
13
35
207
438
13
35
208
438
13
35
209
439
13
35
210
437
13
35
208
441
13
35
209
441
13
35
210
441
13
35
211
441
13
35
211
441
13
35
212
440
13
35
213
441
13
35
214
441
13
35
214
441
13
35
215
440
13
35
217
440
13
35
218
440
13
35
219
440
13
35
220
441
13
35
220
441
13
35
221
441
13
35
221
441
13
35
222
440
13
35
223
441
13
35
224
441
13
35
225
441
13
35
226
441
13
35
227
440
13
35
227
441
13
35
228
441
13
35
229
441
13
35
230
441
13
35
231
441
13
35
232
441
13
35
233
441
13
35
232
441
13
35
233
441
13
35
235
441
13
35
237
441
13
35
237
440
13
35
238
438
13
35
239
438
13
35
240
436
13
35
241
441
13
35
241
441
13
35
242
441
13
35
242
441
13
35
241
441
13
35
242
441
13
35
245
441
13
35
247
441
13
35
248
441
13
35
248
441
13
35
248
441
13
35
249
441
13
35
249
441
13
35
250
441
13
35
250
441
13
35
251
440
13
35
