970
347
285
441
13
35
285
441
13
35
285
441
13
35
286
441
13
35
287
441
13
35
288
441
13
35
289
440
13
35
290
439
13
35
292
439
13
35
293
438
13
35
294
436
13
35
294
436
13
35
294
436
13
35
292
441
13
35
293
441
13
35
294
441
13
35
294
441
13
35
296
441
13
35
297
441
13
35
297
441
13
35
298
441
13
35
300
441
13
35
301
441
13
35
303
441
13
35
304
441
13
35
305
441
13
35
304
441
13
35
304
441
13
35
305
441
13
35
306
441
13
35
308
439
13
35
310
439
13
35
311
439
13
35
311
439
13
35
312
439
13
35
312
439
13
35
313
440
13
35
313
440
13
35
313
440
13
35
313
440
13
35
315
440
13
35
324
441
13
35
325
441
13
35
327
441
13
35
328
441
13
35
330
440
13
35
332
441
13
35
333
441
13
35
335
441
13
35
336
441
13
35
336
441
13
35
338
441
13
35
339
440
13
35
340
438
13
35
341
437
13
35
342
435
13
35
345
435
13
35
345
441
13
35
347
440
13
35
348
439
13
35
349
437
13
35
350
438
13
35
350
436
13
35
350
437
13
35
350
437
13
35
349
437
13
35
349
437
13
35
352
441
13
35
353
441
13
35
355
441
13
35
357
439
13
35
359
440
13
35
361
440
13
35
362
438
13
35
364
437
13
35
364
436
13
35
364
436
13
35
364
435
13
35
365
435
13
35
366
435
13
35
367
434
13
35
370
441
13
35
371
441
13
35
372
440
13
35
374
440
13
35
374
440
13
35
374
440
13
35
375
438
13
35
376
440
13
35
376
438
13
35
377
438
13
35
378
438
13
35
380
437
13
35
380
437
13
35
380
437
13
35
381
437
13
35
382
437
13
35
387
441
13
35
388
441
13
35
389
441
13
35
390
440
13
35
390
440
13
35
392
438
13
35
393
438
13
35
396
441
13
35
396
441
13
35
396
439
13
35
397
439
13
35
398
440
13
35
400
440
13
35
401
440
13
35
401
440
13
35
401
440
13
35
401
440
13
35
401
440
13
35
402
438
13
35
404
438
13
35
406
438
13
35
407
437
13
35
408
436
13
35
410
436
13
35
412
434
13
35
413
434
13
35
415
434
13
35
416
435
13
35
417
433
13
35
417
432
13
35
417
430
13
35
416
429
13
35
422
437
13
35
423
437
13
35
424
437
13
35
424
437
13
35
425
433
13
35
426
432
13
35
427
432
13
35
427
432
13
35
429
431
13
35
430
431
13
35
431
430
13
35
432
430
13
35
433
430
13
35
434
430
13
35
434
430
13
35
434
430
13
35
436
431
13
35
437
430
13
35
438
428
13
35
439
426
13
35
440
426
13
35
442
425
13
35
442
423
13
35
443
423
13
35
443
424
13
35
443
424
13
35
444
423
13
35
444
423
13
35
449
436
13
35
450
435
13
35
451
435
13
35
452
435
13
35
453
436
13
35
454
436
13
35
456
436
13
35
457
437
13
35
457
438
13
35
458
438
13
35
459
437
13
35
460
437
13
35
461
437
13
35
461
436
13
35
461
436
13
35
462
436
13
35
462
436
13
35
463
436
13
35
464
436
13
35
465
435
13
35
466
435
13
35
473
432
13
35
472
432
13
35
473
432
13
35
473
433
13
35
474
434
13
35
476
435
13
35
477
435
13
35
478
435
13
35
475
434
13
35
477
434
13
35
478
434
13
35
481
434
13
35
482
434
13
35
483
435
13
35
485
434
13
35
486
434
13
35
486
432
13
35
487
431
13
35
487
431
13
35
487
431
13
35
487
431
13
35
487
431
13
35
487
431
13
35
488
431
13
35
489
431
13
35
490
430
13
35
489
430
13
35
490
432
13
35
491
433
13
35
492
434
13
35
492
435
13
35
493
437
13
35
500
436
13
35
501
437
13
35
500
437
13
35
501
439
13
35
502
440
13
35
503
441
13
35
503
441
13
35
504
441
13
35
503
441
13
35
504
441
13
35
505
441
13
35
507
441
13
35
508
441
13
35
510
441
13
35
511
441
13
35
511
441
13
35
511
441
13
35
512
441
13
35
512
441
13
35
513
441
13
35
515
441
13
35
515
440
13
35
517
441
13
35
518
441
13
35
518
441
13
35
518
441
13
35
520
441
13
35
520
441
13
35
522
441
13
35
522
441
13
35
522
441
13
35
521
441
13
35
522
440
13
35
522
440
13
35
523
440
13
35
523
440
13
35
525
440
13
35
526
440
13
35
527
438
13
35
527
438
13
35
528
437
13
35
532
436
13
35
533
436
13
35
533
437
13
35
533
437
13
35
534
437
13
35
537
437
13
35
538
437
13
35
540
436
13
35
542
438
13
35
543
438
13
35
545
437
13
35
544
438
13
35
545
437
13
35
545
437
13
35
545
435
13
35
546
434
13
35
547
435
13
35
549
435
13
35
549
434
13
35
550
433
13
35
550
435
13
35
551
436
13
35
551
438
13
35
552
440
13
35
553
440
13
35
556
441
13
35
557
441
13
35
558
441
13
35
559
441
13
35
560
441
13
35
561
441
13
35
562
441
13
35
562
441
13
35
563
441
13
35
565
441
13
35
565
441
13
35
566
441
13
35
566
441
13
35
566
441
13
35
568
441
13
35
568
441
13
35
569
441
13
35
570
441
13
35
570
440
13
35
569
439
13
35
570
438
13
35
570
437
13
35
571
439
13
35
572
439
13
35
574
439
13
35
576
439
13
35
576
440
13
35
577
441
13
35
577
440
13
35
578
439
13
35
578
440
13
35
578
440
13
35
578
440
13
35
579
440
13
35
579
440
13
35
581
440
13
35
583
440
13
35
585
439
13
35
586
439
13
35
586
439
13
35
587
439
13
35
593
441
13
35
594
440
13
35
595
440
13
35
596
440
13
35
598
440
13
35
597
440
13
35
599
441
13
35
598
441
13
35
598
441
13
35
598
441
13
35
600
440
13
35
600
441
13
35
600
441
13
35
601
441
13
35
601
441
13
35
602
441
13
35
604
439
13
35
605
440
13
35
606
440
13
35
607
441
13
35
608
441
13
35
609
441
13
35
609
441
13
35
609
441
13
35
608
440
13
35
609
439
13
35
609
439
13
35
611
439
13
35
613
439
13
35
615
440
13
35
