0
1444
406
218
13
35
404
218
13
35
401
218
13
35
399
220
13
35
398
220
13
35
396
221
13
35
394
222
13
35
393
222
13
35
392
222
13
35
389
222
13
35
387
223
13
35
385
223
13
35
383
223
13
35
380
223
13
35
379
223
13
35
379
224
13
35
378
224
13
35
378
224
13
35
378
224
13
35
378
226
13
35
378
224
13
35
378
224
13
35
377
225
13
35
376
225
13
35
375
224
13
35
374
223
13
35
373
222
13
35
373
222
13
35
374
222
13
35
374
224
13
35
373
224
13
35
374
223
13
35
374
223
13
35
374
223
13
35
374
223
13
35
372
223
13
35
371
222
13
35
372
222
13
35
371
221
13
35
371
221
13
35
371
221
13
35
377
220
13
35
377
219
13
35
377
219
13
35
377
220
13
35
377
220
13
35
377
220
13
35
377
221
13
35
377
221
13
35
377
221
13
35
378
221
13
35
377
220
13
35
377
219
13
35
377
219
13
35
376
220
13
35
376
220
13
35
376
221
13
35
377
221
13
35
377
221
13
35
377
221
13
35
377
221
13
35
376
221
13
35
377
221
13
35
377
220
13
35
378
220
13
35
378
221
13
35
378
220
13
35
377
220
13
35
376
221
13
35
375
220
13
35
375
220
13
35
376
220
13
35
376
220
13
35
376
220
13
35
376
219
13
35
376
221
13
35
375
221
13
35
375
220
13
35
375
220
13
35
374
219
13
35
374
219
13
35
375
219
13
35
378
217
13
35
378
216
13
35
379
216
13
35
379
216
13
35
379
216
13
35
379
216
13
35
379
215
13
35
379
215
13
35
378
215
13
35
378
215
13
35
379
215
13
35
379
215
13
35
379
215
13
35
379
216
13
35
379
217
13
35
379
217
13
35
378
217
13
35
377
217
13
35
377
217
13
35
377
217
13
35
378
218
13
35
379
218
13
35
379
218
13
35
378
217
13
35
378
218
13
35
379
217
13
35
380
217
13
35
381
217
13
35
381
217
13
35
382
218
13
35
382
217
13
35
383
219
13
35
383
219
13
35
382
218
13
35
381
218
13
35
381
219
13
35
381
219
13
35
380
219
13
35
379
220
13
35
378
220
13
35
377
220
13
35
378
222
13
35
379
223
13
35
379
222
13
35
380
222
13
35
380
222
13
35
382
221
13
35
383
222
13
35
383
221
13
35
384
222
13
35
384
222
13
35
383
222
13
35
383
223
13
35
382
222
13
35
382
220
13
35
383
220
13
35
384
220
13
35
385
220
13
35
386
220
13
35
387
220
13
35
386
219
13
35
385
218
13
35
385
217
13
35
384
217
13
35
385
218
13
35
386
218
13
35
387
218
13
35
388
218
13
35
389
218
13
35
389
218
13
35
389
219
13
35
388
218
13
35
387
218
13
35
388
218
13
35
388
218
13
35
389
216
13
35
390
216
13
35
390
214
13
35
390
213
13
35
389
211
13
35
390
210
13
35
390
210
13
35
385
218
13
35
384
217
13
35
385
217
13
35
386
217
13
35
386
215
13
35
385
215
13
35
385
216
13
35
384
215
13
35
383
215
13
35
382
213
13
35
382
214
13
35
382
214
13
35
382
214
13
35
383
214
13
35
385
214
13
35
386
214
13
35
386
214
13
35
386
213
13
35
385
213
13
35
383
213
13
35
382
213
13
35
381
211
13
35
382
211
13
35
382
211
13
35
382
211
13
35
383
211
13
35
383
212
13
35
383
212
13
35
388
213
13
35
388
213
13
35
388
213
13
35
387
213
13
35
388
213
13
35
388
213
13
35
389
213
13
35
389
213
13
35
389
212
13
35
389
212
13
35
390
212
13
35
389
210
13
35
390
209
13
35
389
209
13
35
388
210
13
35
388
209
13
35
388
209
13
35
388
207
13
35
389
207
13
35
389
206
13
35
389
206
13
35
388
206
13
35
387
206
13
35
388
206
13
35
388
206
13
35
390
206
13
35
390
207
13
35
390
207
13
35
390
208
13
35
390
207
13
35
390
207
13
35
390
207
13
35
391
207
13
35
392
207
13
35
392
207
13
35
392
207
13
35
391
205
13
35
391
206
13
35
391
206
13
35
391
207
13
35
390
205
13
35
388
208
13
35
388
206
13
35
388
206
13
35
388
206
13
35
388
206
13
35
389
204
13
35
389
206
13
35
389
206
13
35
389
204
13
35
389
204
13
35
389
204
13
35
389
204
13
35
389
204
13
35
389
206
13
35
389
207
13
35
390
207
13
35
390
208
13
35
391
209
13
35
391
211
13
35
392
211
13
35
392
211
13
35
392
211
13
35
391
211
13
35
391
209
13
35
391
208
13
35
390
208
13
35
390
208
13
35
389
208
13
35
390
209
13
35
390
209
13
35
390
209
13
35
390
208
13
35
390
208
13
35
390
208
13
35
390
207
13
35
391
208
13
35
391
208
13
35
391
208
13
35
390
208
13
35
391
208
13
35
390
208
13
35
392
209
13
35
391
208
13
35
391
209
13
35
391
208
13
35
391
208
13
35
391
208
13
35
390
208
13
35
390
208
13
35
389
207
13
35
390
207
13
35
389
206
13
35
389
206
13
35
388
206
13
35
387
206
13
35
387
205
13
35
387
205
13
35
388
205
13
35
389
206
13
35
389
207
13
35
390
207
13
35
390
208
13
35
390
209
13
35
390
209
13
35
390
208
13
35
390
206
13
35
391
204
13
35
391
204
13
35
391
204
13
35
390
204
13
35
391
204
13
35
390
206
13
35
390
206
13
35
389
207
13
35
389
207
13
35
390
207
13
35
391
209
13
35
391
209
13
35
391
209
13
35
391
209
13
35
392
211
13
35
393
211
13
35
397
213
13
35
396
213
13
35
396
213
13
35
395
212
13
35
396
214
13
35
397
214
13
35
398
213
13
35
399
213
13
35
398
213
13
35
398
212
13
35
398
212
13
35
399
212
13
35
399
212
13
35
399
212
13
35
399
212
13
35
399
210
13
35
399
210
13
35
399
210
13
35
399
210
13
35
399
210
13
35
399
210
13
35
399
210
13
35
399
210
13
35
399
209
13
35
399
209
13
35
400
208
13
35
399
208
13
35
398
208
13
35
398
207
13
35
399
207
13
35
400
209
13
35
400
209
13
35
400
211
13
35
399
211
13
35
398
211
13
35
399
211
13
35
400
213
13
35
401
213
13
35
402
214
13
35
402
215
13
35
401
215
13
35
400
217
13
35
400
217
13
35
400
217
13
35
398
216
13
35
399
216
13
35
399
216
13
35
400
217
13
35
401
219
13
35
402
221
13
35
402
219
13
35
403
219
13
35
402
220
13
35
402
220
13
35
402
220
13
35
400
219
13
35
400
217
13
35
400
216
13
35
400
216
13
35
400
216
13
35
401
216
13
35
401
216
13
35
400
214
13
35
400
214
13
35
400
214
13
35
399
214
13
35
399
214
13
35
399
215
13
35
400
217
13
35
400
217
13
35
401
217
13
35
402
218
13
35
404
218
13
35
404
218
13
35
404
218
13
35
404
218
13
35
403
218
13
35
401
217
13
35
400
217
13
35
400
217
13
35
400
215
13
35
400
214
13
35
401
219
13
35
401
221
13
35
402
216
13
35
402
216
13
35
403
217
13
35
402
217
13
35
401
217
13
35
402
218
13
35
402
220
13
35
403
221
13
35
405
221
13
35
404
220
13
35
406
220
13
35
406
219
13
35
406
219
13
35
406
219
13
35
405
218
13
35
405
218
13
35
407
219
13
35
408
219
13
35
409
219
13
35
409
221
13
35
410
221
13
35
410
222
13
35
410
221
13
35
411
221
13
35
410
221
13
35
410
221
13
35
410
221
13
35
410
221
13
35
410
221
13
35
410
221
13
35
411
221
13
35
411
221
13
35
411
221
13
35
411
221
13
35
411
221
13
35
412
221
13
35
413
221
13
35
413
221
13
35
413
221
13
35
413
221
13
35
413
221
13
35
412
223
13
35
412
222
13
35
412
222
13
35
412
222
13
35
412
222
13
35
411
222
13
35
411
221
13
35
410
222
13
35
410
220
13
35
410
221
13
35
410
221
13
35
411
222
13
35
412
222
13
35
413
222
13
35
413
222
13
35
413
222
13
35
413
222
13
35
412
222
13
35
412
222
13
35
412
222
13
35
413
223
13
35
414
223
13
35
415
223
13
35
414
222
13
35
414
222
13
35
414
222
13
35
414
223
13
35
412
222
13
35
412
220
13
35
412
218
13
35
413
219
13
35
414
219
13
35
415
220
13
35
415
219
13
35
415
219
13
35
416
219
13
35
416
219
13
35
415
226
13
35
415
226
13
35
414
227
13
35
414
227
13
35
413
226
13
35
413
226
13
35
413
226
13
35
414
226
13
35
414
227
13
35
413
226
13
35
414
224
13
35
414
226
13
35
413
225
13
35
412
223
13
35
413
223
13
35
413
223
13
35
414
223
13
35
413
223
13
35
414
223
13
35
415
223
13
35
414
225
13
35
414
225
13
35
416
226
13
35
417
226
13
35
417
227
13
35
418
227
13
35
417
226
13
35
417
226
13
35
418
227
13
35
419
227
13
35
419
227
13
35
420
229
13
35
421
229
13
35
421
228
13
35
421
229
13
35
422
229
13
35
422
229
13
35
422
228
13
35
422
228
13
35
423
228
13
35
423
229
13
35
431
229
13
35
430
230
13
35
430
230
13
35
424
231
13
35
425
231
13
35
426
231
13
35
426
231
13
35
426
232
13
35
427
234
13
35
429
232
13
35
429
231
13
35
430
231
13
35
430
231
13
35
431
231
13
35
431
230
13
35
431
230
13
35
432
229
13
35
433
230
13
35
434
230
13
35
434
231
13
35
433
230
13
35
432
231
13
35
431
231
13
35
431
231
13
35
431
231
13
35
431
231
13
35
432
231
13
35
434
231
13
35
436
231
13
35
437
231
13
35
438
232
13
35
437
232
13
35
437
232
13
35
437
232
13
35
437
232
13
35
438
232
13
35
438
231
13
35
439
231
13
35
440
231
13
35
441
232
13
35
441
232
13
35
442
231
13
35
443
230
13
35
444
231
13
35
445
231
13
35
445
231
13
35
447
231
13
35
447
231
13
35
446
230
13
35
445
230
13
35
449
231
13
35
449
231
13
35
450
231
13
35
451
231
13
35
451
232
13
35
451
232
13
35
450
238
13
35
450
238
13
35
451
238
13
35
452
237
13
35
452
238
13
35
453
237
13
35
453
235
13
35
454
235
13
35
454
235
13
35
454
235
13
35
455
234
13
35
456
234
13
35
457
234
13
35
457
233
13
35
457
233
13
35
457
231
13
35
457
231
13
35
457
231
13
35
457
231
13
35
458
231
13
35
459
231
13
35
458
232
13
35
458
233
13
35
459
233
13
35
460
232
13
35
461
231
13
35
462
232
13
35
462
231
13
35
463
230
13
35
463
230
13
35
465
230
13
35
465
230
13
35
465
229
13
35
464
229
13
35
465
230
13
35
466
230
13
35
466
230
13
35
466
230
13
35
466
230
13
35
466
230
13
35
466
230
13
35
472
235
13
35
473
237
13
35
473
237
13
35
473
237
13
35
475
236
13
35
472
242
13
35
472
242
13
35
472
242
13
35
473
242
13
35
473
241
13
35
472
241
13
35
472
238
13
35
473
238
13
35
474
238
13
35
474
238
13
35
474
239
13
35
474
241
13
35
474
240
13
35
475
240
13
35
476
242
13
35
477
242
13
35
478
243
13
35
479
243
13
35
479
243
13
35
478
244
13
35
478
245
13
35
478
243
13
35
477
242
13
35
477
240
13
35
477
240
13
35
479
241
13
35
479
241
13
35
481
242
13
35
481
242
13
35
482
242
13
35
483
242
13
35
484
242
13
35
485
242
13
35
486
241
13
35
486
241
13
35
486
241
13
35
486
243
13
35
485
243
13
35
485
243
13
35
486
244
13
35
487
245
13
35
491
248
13
35
492
248
13
35
492
250
13
35
493
252
13
35
494
253
13
35
495
253
13
35
496
253
13
35
497
253
13
35
497
253
13
35
497
255
13
35
497
255
13
35
497
255
13
35
496
256
13
35
496
256
13
35
497
253
13
35
497
253
13
35
498
253
13
35
494
249
13
35
494
251
13
35
495
251
13
35
495
251
13
35
495
252
13
35
496
253
13
35
497
253
13
35
497
255
13
35
497
255
13
35
497
255
13
35
498
254
13
35
499
255
13
35
500
255
13
35
500
255
13
35
501
255
13
35
502
254
13
35
502
255
13
35
502
255
13
35
503
255
13
35
504
255
13
35
504
255
13
35
505
255
13
35
505
255
13
35
506
255
13
35
506
255
13
35
506
253
13
35
506
253
13
35
506
253
13
35
507
251
13
35
508
250
13
35
508
249
13
35
507
249
13
35
508
251
13
35
507
251
13
35
507
252
13
35
506
252
13
35
506
252
13
35
507
252
13
35
507
252
13
35
507
252
13
35
508
252
13
35
512
267
13
35
512
267
13
35
513
267
13
35
514
268
13
35
514
268
13
35
514
267
13
35
514
267
13
35
515
267
13
35
514
262
13
35
514
262
13
35
514
265
13
35
514
265
13
35
514
266
13
35
516
266
13
35
516
267
13
35
516
268
13
35
516
268
13
35
516
268
13
35
517
268
13
35
517
268
13
35
517
267
13
35
517
267
13
35
517
267
13
35
517
268
13
35
517
268
13
35
518
268
13
35
519
268
13
35
520
268
13
35
521
268
13
35
522
268
13
35
522
268
13
35
523
268
13
35
522
268
13
35
521
268
13
35
521
268
13
35
522
268
13
35
521
268
13
35
521
268
13
35
522
268
13
35
521
268
13
35
522
268
13
35
523
268
13
35
524
269
13
35
526
269
13
35
527
269
13
35
527
267
13
35
527
268
13
35
528
269
13
35
527
269
13
35
528
277
13
35
527
277
13
35
525
277
13
35
525
277
13
35
526
277
13
35
527
277
13
35
527
279
13
35
527
279
13
35
526
279
13
35
524
278
13
35
524
280
13
35
526
280
13
35
527
280
13
35
527
280
13
35
527
280
13
35
526
280
13
35
528
280
13
35
528
280
13
35
528
281
13
35
528
283
13
35
529
282
13
35
529
282
13
35
529
283
13
35
530
283
13
35
530
284
13
35
531
284
13
35
532
284
13
35
532
284
13
35
532
283
13
35
533
284
13
35
533
284
13
35
532
284
13
35
531
284
13
35
531
285
13
35
531
285
13
35
531
286
13
35
532
285
13
35
534
285
13
35
536
286
13
35
536
286
13
35
536
284
13
35
538
278
13
35
538
278
13
35
538
278
13
35
538
278
13
35
538
278
13
35
537
278
13
35
537
276
13
35
538
276
13
35
539
276
13
35
540
275
13
35
541
274
13
35
541
273
13
35
542
273
13
35
542
273
13
35
543
273
13
35
544
273
13
35
543
273
13
35
543
273
13
35
543
274
13
35
544
274
13
35
546
273
13
35
546
273
13
35
547
274
13
35
547
274
13
35
548
274
13
35
549
274
13
35
549
274
13
35
549
274
13
35
548
273
13
35
548
273
13
35
548
273
13
35
549
273
13
35
549
274
13
35
549
274
13
35
550
274
13
35
551
275
13
35
553
275
13
35
554
275
13
35
553
274
13
35
554
276
13
35
553
276
13
35
551
286
13
35
551
286
13
35
551
286
13
35
551
286
13
35
551
285
13
35
551
287
13
35
550
288
13
35
550
288
13
35
551
287
13
35
551
287
13
35
551
287
13
35
551
287
13
35
551
290
13
35
549
290
13
35
548
289
13
35
548
289
13
35
548
289
13
35
548
289
13
35
547
288
13
35
548
289
13
35
548
289
13
35
548
289
13
35
547
289
13
35
548
291
13
35
548
291
13
35
549
291
13
35
549
291
13
35
549
291
13
35
548
291
13
35
547
292
13
35
547
292
13
35
548
293
13
35
549
293
13
35
550
292
13
35
551
292
13
35
552
291
13
35
552
293
13
35
552
293
13
35
553
293
13
35
552
294
13
35
552
294
13
35
558
291
13
35
558
291
13
35
559
292
13
35
559
292
13
35
559
292
13
35
560
292
13
35
560
292
13
35
559
292
13
35
558
292
13
35
559
292
13
35
559
292
13
35
560
291
13
35
560
290
13
35
561
290
13
35
562
291
13
35
563
291
13
35
563
291
13
35
564
292
13
35
564
292
13
35
563
291
13
35
562
291
13
35
562
291
13
35
562
291
13
35
563
291
13
35
564
291
13
35
564
291
13
35
564
291
13
35
564
291
13
35
565
292
13
35
565
292
13
35
565
291
13
35
566
292
13
35
567
292
13
35
567
292
13
35
567
292
13
35
568
293
13
35
569
294
13
35
569
294
13
35
570
294
13
35
571
295
13
35
571
295
13
35
569
298
13
35
569
298
13
35
570
298
13
35
570
298
13
35
570
298
13
35
570
298
13
35
569
298
13
35
569
299
13
35
568
299
13
35
568
299
13
35
568
299
13
35
568
300
13
35
568
300
13
35
568
301
13
35
568
301
13
35
568
303
13
35
568
302
13
35
568
302
13
35
569
302
13
35
569
302
13
35
569
302
13
35
569
301
13
35
567
300
13
35
567
300
13
35
568
300
13
35
569
300
13
35
568
298
13
35
568
298
13
35
568
297
13
35
568
297
13
35
567
297
13
35
566
297
13
35
566
297
13
35
566
297
13
35
566
297
13
35
566
297
13
35
568
297
13
35
569
299
13
35
569
300
13
35
568
300
13
35
568
300
13
35
570
305
13
35
570
307
13
35
571
309
13
35
571
309
13
35
571
308
13
35
568
308
13
35
569
308
13
35
570
308
13
35
569
308
13
35
569
308
13
35
569
308
13
35
570
308
13
35
570
307
13
35
569
306
13
35
570
306
13
35
570
306
13
35
569
306
13
35
569
306
13
35
570
306
13
35
570
306
13
35
570
309
13
35
570
308
13
35
570
309
13
35
568
309
13
35
568
309
13
35
568
309
13
35
569
309
13
35
570
307
13
35
572
308
13
35
572
307
13
35
571
307
13
35
571
306
13
35
570
307
13
35
581
301
13
35
580
301
13
35
579
301
13
35
572
303
13
35
572
303
13
35
572
302
13
35
572
302
13
35
573
303
13
35
573
303
13
35
573
302
13
35
574
302
13
35
574
302
13
35
574
302
13
35
574
302
13
35
573
301
13
35
573
300
13
35
573
299
13
35
573
299
13
35
572
298
13
35
573
297
13
35
574
297
13
35
574
297
13
35
575
296
13
35
575
296
13
35
575
295
13
35
574
296
13
35
574
296
13
35
573
296
13
35
572
296
13
35
570
295
13
35
569
295
13
35
569
295
13
35
569
295
13
35
569
295
13
35
570
294
13
35
571
294
13
35
572
294
13
35
572
293
13
35
573
293
13
35
572
293
13
35
572
293
13
35
571
292
13
35
571
292
13
35
571
292
13
35
577
293
13
35
577
293
13
35
577
293
13
35
577
292
13
35
577
291
13
35
576
291
13
35
575
291
13
35
575
289
13
35
575
290
13
35
575
291
13
35
575
291
13
35
575
291
13
35
576
291
13
35
575
291
13
35
574
291
13
35
574
292
13
35
574
292
13
35
575
291
13
35
576
291
13
35
576
291
13
35
576
290
13
35
575
289
13
35
575
289
13
35
575
289
13
35
574
290
13
35
573
290
13
35
573
290
13
35
573
290
13
35
573
291
13
35
577
296
13
35
577
296
13
35
576
296
13
35
575
295
13
35
574
295
13
35
573
296
13
35
573
296
13
35
573
296
13
35
574
296
13
35
574
295
13
35
574
295
13
35
575
296
13
35
576
296
13
35
576
296
13
35
577
295
13
35
577
296
13
35
578
296
13
35
578
296
13
35
577
296
13
35
576
295
13
35
575
294
13
35
575
292
13
35
575
292
13
35
574
291
13
35
574
291
13
35
574
291
13
35
574
292
13
35
574
292
13
35
575
293
13
35
576
294
13
35
576
293
13
35
576
293
13
35
576
293
13
35
576
293
13
35
575
293
13
35
574
293
13
35
575
295
13
35
575
295
13
35
575
294
13
35
575
295
13
35
575
295
13
35
577
301
13
35
576
301
13
35
576
301
13
35
575
302
13
35
573
300
13
35
573
297
13
35
572
297
13
35
572
297
13
35
572
295
13
35
572
295
13
35
572
295
13
35
572
297
13
35
572
297
13
35
573
299
13
35
573
301
13
35
573
302
13
35
572
303
13
35
572
303
13
35
572
303
13
35
572
303
13
35
572
303
13
35
572
303
13
35
572
303
13
35
572
303
13
35
572
303
13
35
572
302
13
35
571
302
13
35
571
302
13
35
571
301
13
35
569
302
13
35
569
302
13
35
568
302
13
35
568
303
13
35
568
303
13
35
568
303
13
35
568
303
13
35
568
303
13
35
569
303
13
35
569
302
13
35
569
300
13
35
568
300
13
35
574
307
13
35
574
307
13
35
574
307
13
35
574
307
13
35
573
305
13
35
573
305
13
35
572
305
13
35
571
306
13
35
571
306
13
35
571
308
13
35
571
306
13
35
571
306
13
35
572
306
13
35
571
306
13
35
571
306
13
35
571
306
13
35
571
306
13
35
572
307
13
35
573
309
13
35
575
310
13
35
576
310
13
35
576
310
13
35
577
311
13
35
577
311
13
35
577
311
13
35
577
313
13
35
577
313
13
35
576
313
13
35
576
311
13
35
576
311
13
35
577
313
13
35
578
314
13
35
578
313
13
35
578
313
13
35
577
313
13
35
576
313
13
35
575
313
13
35
574
313
13
35
574
313
13
35
575
314
13
35
575
314
13
35
575
323
13
35
575
325
13
35
574
325
13
35
574
327
13
35
575
328
13
35
573
328
13
35
574
328
13
35
573
328
13
35
573
328
13
35
571
328
13
35
571
327
13
35
570
327
13
35
569
325
13
35
569
325
13
35
570
325
13
35
570
326
13
35
570
324
13
35
569
326
13
35
569
326
13
35
567
326
13
35
567
327
13
35
566
329
13
35
566
329
13
35
565
328
13
35
567
327
13
35
566
327
13
35
566
327
13
35
566
327
13
35
566
327
13
35
567
327
13
35
566
328
13
35
566
328
13
35
565
328
13
35
565
328
13
35
565
329
13
35
564
328
13
35
564
327
13
35
562
325
13
35
561
324
13
35
559
324
13
35
558
324
13
35
556
324
13
35
556
324
13
35
555
324
13
35
554
323
13
35
553
321
13
35
552
321
13
35
552
321
13
35
552
321
13
35
552
321
13
35
551
321
13
35
550
321
13
35
550
323
13
35
549
323
13
35
547
323
13
35
545
323
13
35
543
322
13
35
541
322
13
35
540
323
13
35
538
323
13
35
537
323
13
35
537
323
13
35
535
321
13
35
533
321
13
35
533
322
13
35
530
318
13
35
529
317
13
35
528
317
13
35
528
317
13
35
528
317
13
35
526
317
13
35
525
317
13
35
522
317
13
35
522
315
13
35
521
314
13
35
520
314
13
35
518
314
13
35
517
314
13
35
516
313
13
35
515
314
13
35
515
314
13
35
515
312
13
35
514
311
13
35
512
311
13
35
511
310
13
35
509
311
13
35
508
309
13
35
507
309
13
35
506
309
13
35
503
314
13
35
500
314
13
35
500
314
13
35
497
314
13
35
495
314
13
35
493
314
13
35
493
313
13
35
491
313
13
35
490
313
13
35
490
313
13
35
488
313
13
35
487
313
13
35
487
312
13
35
486
312
13
35
485
312
13
35
484
311
13
35
483
311
13
35
481
311
13
35
479
309
13
35
477
309
13
35
475
309
13
35
474
307
13
35
472
307
13
35
471
307
13
35
471
308
13
35
471
308
13
35
469
308
13
35
468
308
13
35
467
308
13
35
471
312
13
35
469
312
13
35
467
312
13
35
465
311
13
35
464
309
13
35
464
309
13
35
463
308
13
35
462
306
13
35
461
305
13
35
459
305
13
35
458
304
13
35
456
305
13
35
456
305
13
35
454
305
13
35
453
305
13
35
450
305
13
35
449
305
13
35
447
305
13
35
445
305
13
35
444
305
13
35
442
305
13
35
441
304
13
35
441
305
13
35
439
304
13
35
436
304
13
35
435
302
13
35
434
302
13
35
433
302
13
35
432
302
13
35
431
302
13
35
431
302
13
35
431
302
13
35
430
302
13
35
431
301
13
35
429
301
13
35
428
301
13
35
426
301
13
35
424
300
13
35
422
298
13
35
420
298
13
35
418
298
13
35
420
301
13
35
419
302
13
35
418
302
13
35
417
303
13
35
417
304
13
35
417
304
13
35
416
306
13
35
414
304
13
35
413
304
13
35
412
305
13
35
412
304
13
35
411
303
13
35
411
303
13
35
410
304
13
35
408
304
13
35
408
305
13
35
407
304
13
35
405
302
13
35
405
302
13
35
405
302
13
35
404
302
13
35
403
300
13
35
402
300
13
35
402
302
13
35
401
302
13
35
400
302
13
35
399
304
13
35
399
304
13
35
398
304
13
35
397
304
13
35
397
302
13
35
395
302
13
35
394
302
13
35
392
301
13
35
391
301
13
35
390
301
13
35
390
301
13
35
389
301
13
35
389
301
13
35
389
300
13
35
389
300
13
35
391
297
13
35
389
297
13
35
388
297
13
35
386
297
13
35
385
298
13
35
384
300
13
35
384
301
13
35
384
301
13
35
384
299
13
35
385
300
13
35
385
300
13
35
385
302
13
35
385
302
13
35
385
302
13
35
384
302
13
35
382
303
13
35
382
303
13
35
382
302
13
35
382
301
13
35
382
302
13
35
381
302
13
35
380
302
13
35
379
301
13
35
379
301
13
35
379
301
13
35
379
301
13
35
379
302
13
35
378
301
13
35
378
301
13
35
378
301
13
35
377
301
13
35
376
302
13
35
375
302
13
35
376
302
13
35
376
302
13
35
378
303
13
35
377
304
13
35
374
304
13
35
374
304
13
35
374
304
13
35
373
304
13
35
372
304
13
35
