0
298
342
392
13
35
341
392
13
35
339
392
13
35
338
394
13
35
338
394
13
35
337
395
13
35
336
395
13
35
336
395
13
35
336
395
13
35
334
395
13
35
333
395
13
35
332
395
13
35
331
395
13
35
329
394
13
35
328
394
13
35
329
394
13
35
329
394
13
35
329
394
13
35
330
395
13
35
331
395
13
35
332
395
13
35
332
395
13
35
332
395
13
35
332
395
13
35
332
395
13
35
332
395
13
35
332
395
13
35
333
395
13
35
334
395
13
35
334
396
13
35
334
396
13
35
336
395
13
35
337
395
13
35
338
396
13
35
338
396
13
35
337
396
13
35
337
396
13
35
338
396
13
35
338
396
13
35
339
396
13
35
340
396
13
35
342
403
13
35
342
403
13
35
343
403
13
35
343
403
13
35
344
403
13
35
345
403
13
35
345
404
13
35
346
404
13
35
346
404
13
35
348
404
13
35
347
404
13
35
347
403
13
35
348
403
13
35
348
405
13
35
349
405
13
35
350
406
13
35
351
407
13
35
352
407
13
35
352
407
13
35
353
407
13
35
353
407
13
35
354
407
13
35
355
407
13
35
357
407
13
35
357
408
13
35
359
408
13
35
359
407
13
35
359
408
13
35
359
408
13
35
360
408
13
35
362
408
13
35
363
408
13
35
364
408
13
35
366
408
13
35
366
409
13
35
366
410
13
35
367
409
13
35
367
409
13
35
367
409
13
35
368
409
13
35
369
408
13
35
369
411
13
35
370
410
13
35
372
410
13
35
373
410
13
35
374
410
13
35
375
410
13
35
376
410
13
35
377
410
13
35
377
410
13
35
378
410
13
35
379
410
13
35
380
410
13
35
381
411
13
35
381
412
13
35
381
412
13
35
381
411
13
35
381
411
13
35
381
411
13
35
382
411
13
35
383
411
13
35
385
411
13
35
387
411
13
35
388
411
13
35
388
411
13
35
387
410
13
35
389
410
13
35
390
410
13
35
392
410
13
35
393
410
13
35
394
410
13
35
395
410
13
35
396
410
13
35
397
411
13
35
397
411
13
35
397
411
13
35
397
411
13
35
398
411
13
35
398
411
13
35
399
413
13
35
399
413
13
35
400
413
13
35
397
415
13
35
398
415
13
35
399
413
13
35
400
411
13
35
401
412
13
35
403
410
13
35
405
412
13
35
406
411
13
35
407
411
13
35
408
411
13
35
408
411
13
35
408
411
13
35
408
411
13
35
410
410
13
35
411
409
13
35
413
409
13
35
415
409
13
35
416
409
13
35
417
407
13
35
416
407
13
35
415
407
13
35
416
407
13
35
416
407
13
35
417
408
13
35
419
408
13
35
421
408
13
35
423
408
13
35
425
410
13
35
426
410
13
35
427
411
13
35
427
411
13
35
427
411
13
35
428
409
13
35
429
409
13
35
431
407
13
35
432
406
13
35
433
404
13
35
434
402
13
35
435
401
13
35
437
400
13
35
438
399
13
35
440
405
13
35
440
405
13
35
442
406
13
35
443
405
13
35
445
405
13
35
445
405
13
35
446
405
13
35
446
404
13
35
446
404
13
35
446
404
13
35
447
404
13
35
448
402
13
35
449
402
13
35
451
402
13
35
453
400
13
35
454
400
13
35
455
400
13
35
455
400
13
35
455
399
13
35
455
399
13
35
454
398
13
35
454
396
13
35
456
396
13
35
457
396
13
35
458
396
13
35
460
395
13
35
461
395
13
35
462
395
13
35
462
395
13
35
463
394
13
35
464
393
13
35
463
393
13
35
465
393
13
35
466
393
13
35
467
393
13
35
468
393
13
35
469
393
13
35
470
393
13
35
472
393
13
35
472
392
13
35
474
392
13
35
477
395
13
35
476
394
13
35
477
392
13
35
478
392
13
35
480
392
13
35
481
390
13
35
482
389
13
35
483
389
13
35
483
389
13
35
482
388
13
35
484
388
13
35
484
388
13
35
486
386
13
35
487
387
13
35
488
388
13
35
489
389
13
35
491
389
13
35
492
389
13
35
493
388
13
35
495
387
13
35
497
387
13
35
497
386
13
35
498
386
13
35
498
386
13
35
498
386
13
35
499
386
13
35
499
386
13
35
499
385
13
35
500
385
13
35
501
384
13
35
502
384
13
35
503
384
13
35
504
383
13
35
506
382
13
35
506
383
13
35
507
383
13
35
508
382
13
35
508
382
13
35
508
382
13
35
508
380
13
35
508
380
13
35
512
382
13
35
513
383
13
35
514
383
13
35
515
384
13
35
516
384
13
35
516
384
13
35
517
384
13
35
518
385
13
35
519
385
13
35
519
385
13
35
520
385
13
35
521
384
13
35
521
384
13
35
522
384
13
35
522
384
13
35
523
384
13
35
524
384
13
35
525
384
13
35
526
386
13
35
526
387
13
35
527
387
13
35
527
388
13
35
528
388
13
35
529
388
13
35
530
389
13
35
530
389
13
35
532
389
13
35
532
389
13
35
534
389
13
35
534
390
13
35
535
390
13
35
536
390
13
35
537
390
13
35
539
379
13
35
539
380
13
35
539
379
13
35
539
379
13
35
540
377
13
35
540
377
13
35
540
377
13
35
542
380
13
35
541
381
13
35
541
382
13
35
542
383
13
35
543
383
13
35
545
385
13
35
546
387
13
35
548
387
13
35
549
387
13
35
550
388
13
35
551
388
13
35
551
387
13
35
