0
1444
409
267
13
35
407
267
13
35
405
267
13
35
403
269
13
35
403
269
13
35
401
270
13
35
400
271
13
35
399
271
13
35
398
270
13
35
395
270
13
35
394
270
13
35
392
270
13
35
390
269
13
35
388
269
13
35
383
275
13
35
383
276
13
35
382
276
13
35
382
276
13
35
382
276
13
35
382
276
13
35
383
276
13
35
383
276
13
35
382
276
13
35
381
276
13
35
380
275
13
35
380
275
13
35
380
276
13
35
381
277
13
35
382
277
13
35
382
278
13
35
381
278
13
35
382
277
13
35
383
277
13
35
383
277
13
35
383
277
13
35
382
278
13
35
381
277
13
35
382
277
13
35
382
277
13
35
382
277
13
35
382
277
13
35
383
278
13
35
383
277
13
35
383
277
13
35
383
278
13
35
383
278
13
35
383
278
13
35
383
279
13
35
383
279
13
35
383
279
13
35
384
279
13
35
384
279
13
35
384
278
13
35
384
278
13
35
383
279
13
35
381
271
13
35
381
271
13
35
382
271
13
35
382
271
13
35
382
271
13
35
382
271
13
35
381
278
13
35
382
278
13
35
382
277
13
35
383
277
13
35
383
278
13
35
383
277
13
35
383
277
13
35
382
277
13
35
381
276
13
35
382
276
13
35
383
276
13
35
384
277
13
35
384
277
13
35
385
276
13
35
385
277
13
35
384
278
13
35
384
278
13
35
384
278
13
35
383
277
13
35
383
277
13
35
384
277
13
35
383
277
13
35
384
277
13
35
385
277
13
35
385
277
13
35
385
277
13
35
385
277
13
35
385
276
13
35
385
276
13
35
384
276
13
35
384
276
13
35
385
276
13
35
385
275
13
35
385
275
13
35
385
276
13
35
384
277
13
35
383
275
13
35
383
276
13
35
382
276
13
35
382
276
13
35
382
276
13
35
376
277
13
35
377
277
13
35
378
277
13
35
377
277
13
35
381
274
13
35
382
274
13
35
383
274
13
35
383
274
13
35
383
274
13
35
383
274
13
35
383
273
13
35
383
273
13
35
383
273
13
35
382
273
13
35
381
272
13
35
380
273
13
35
380
273
13
35
379
273
13
35
378
273
13
35
377
273
13
35
376
273
13
35
375
272
13
35
375
272
13
35
375
270
13
35
376
270
13
35
376
270
13
35
378
269
13
35
379
270
13
35
379
269
13
35
379
270
13
35
379
270
13
35
378
270
13
35
377
270
13
35
376
270
13
35
376
269
13
35
377
269
13
35
378
269
13
35
378
269
13
35
378
269
13
35
378
269
13
35
377
270
13
35
375
269
13
35
375
269
13
35
374
269
13
35
374
268
13
35
376
276
13
35
377
276
13
35
378
276
13
35
379
277
13
35
379
278
13
35
379
279
13
35
378
279
13
35
377
279
13
35
378
279
13
35
378
280
13
35
379
279
13
35
379
279
13
35
380
278
13
35
380
277
13
35
379
275
13
35
380
275
13
35
380
275
13
35
380
276
13
35
379
276
13
35
380
276
13
35
380
275
13
35
381
275
13
35
380
276
13
35
380
277
13
35
379
277
13
35
378
277
13
35
378
277
13
35
378
276
13
35
378
276
13
35
378
276
13
35
379
276
13
35
381
276
13
35
381
275
13
35
381
275
13
35
381
275
13
35
381
275
13
35
380
275
13
35
378
274
13
35
377
272
13
35
378
272
13
35
378
272
13
35
381
269
13
35
382
268
13
35
382
268
13
35
382
268
13
35
381
268
13
35
381
267
13
35
381
266
13
35
380
266
13
35
380
266
13
35
380
266
13
35
381
267
13
35
381
267
13
35
381
267
13
35
381
267
13
35
382
266
13
35
381
266
13
35
382
266
13
35
382
266
13
35
381
266
13
35
381
264
13
35
381
264
13
35
381
262
13
35
382
262
13
35
382
261
13
35
382
261
13
35
381
261
13
35
380
261
13
35
381
261
13
35
381
262
13
35
380
268
13
35
380
269
13
35
380
269
13
35
380
269
13
35
380
268
13
35
380
268
13
35
380
268
13
35
381
268
13
35
382
268
13
35
382
269
13
35
382
269
13
35
382
269
13
35
382
270
13
35
382
270
13
35
382
270
13
35
381
269
13
35
381
269
13
35
381
268
13
35
381
268
13
35
381
268
13
35
381
268
13
35
382
267
13
35
381
268
13
35
381
268
13
35
381
267
13
35
381
267
13
35
381
267
13
35
380
265
13
35
380
265
13
35
379
265
13
35
378
264
13
35
379
264
13
35
379
265
13
35
380
265
13
35
380
266
13
35
380
266
13
35
380
266
13
35
380
266
13
35
379
265
13
35
379
264
13
35
383
268
13
35
382
268
13
35
382
268
13
35
381
268
13
35
381
268
13
35
381
268
13
35
381
268
13
35
381
268
13
35
381
268
13
35
379
268
13
35
379
268
13
35
379
268
13
35
379
268
13
35
379
268
13
35
378
268
13
35
379
268
13
35
378
268
13
35
379
267
13
35
378
267
13
35
378
267
13
35
378
266
13
35
379
267
13
35
379
267
13
35
378
267
13
35
378
267
13
35
377
267
13
35
378
266
13
35
377
265
13
35
377
265
13
35
376
265
13
35
380
271
13
35
380
271
13
35
380
271
13
35
380
271
13
35
381
272
13
35
381
274
13
35
382
274
13
35
382
274
13
35
382
275
13
35
382
275
13
35
382
274
13
35
382
273
13
35
382
271
13
35
382
270
13
35
382
269
13
35
381
269
13
35
382
269
13
35
380
269
13
35
379
267
13
35
378
269
13
35
378
269
13
35
379
269
13
35
379
269
13
35
379
269
13
35
379
269
13
35
379
269
13
35
379
269
13
35
380
269
13
35
381
270
13
35
379
269
13
35
379
269
13
35
378
268
13
35
379
269
13
35
379
269
13
35
380
268
13
35
380
268
13
35
379
268
13
35
379
268
13
35
379
268
13
35
380
267
13
35
379
267
13
35
385
278
13
35
385
278
13
35
383
276
13
35
383
276
13
35
383
275
13
35
383
276
13
35
383
276
13
35
383
276
13
35
383
277
13
35
383
278
13
35
383
278
13
35
383
279
13
35
384
279
13
35
383
279
13
35
382
279
13
35
379
278
13
35
380
278
13
35
380
278
13
35
380
277
13
35
380
277
13
35
379
277
13
35
378
277
13
35
379
277
13
35
380
277
13
35
381
277
13
35
382
277
13
35
382
277
13
35
382
279
13
35
382
279
13
35
381
279
13
35
381
279
13
35
379
279
13
35
380
279
13
35
380
279
13
35
381
280
13
35
382
280
13
35
383
281
13
35
384
281
13
35
385
281
13
35
384
281
13
35
383
279
13
35
383
280
13
35
382
280
13
35
382
278
13
35
382
278
13
35
382
279
13
35
382
279
13
35
383
279
13
35
382
278
13
35
382
277
13
35
381
277
13
35
381
277
13
35
380
277
13
35
380
277
13
35
380
278
13
35
380
278
13
35
380
285
13
35
381
286
13
35
381
286
13
35
383
286
13
35
383
286
13
35
383
286
13
35
382
284
13
35
381
285
13
35
379
284
13
35
378
284
13
35
378
283
13
35
378
281
13
35
378
281
13
35
378
281
13
35
377
283
13
35
377
283
13
35
377
283
13
35
378
284
13
35
376
284
13
35
375
284
13
35
375
284
13
35
374
284
13
35
374
284
13
35
375
284
13
35
374
284
13
35
376
284
13
35
375
282
13
35
375
282
13
35
374
282
13
35
373
282
13
35
372
282
13
35
374
283
13
35
375
283
13
35
375
283
13
35
374
284
13
35
374
283
13
35
373
282
13
35
373
282
13
35
373
282
13
35
372
282
13
35
372
282
13
35
372
282
13
35
372
283
13
35
372
283
13
35
378
293
13
35
379
293
13
35
379
293
13
35
379
293
13
35
378
293
13
35
378
293
13
35
379
293
13
35
380
293
13
35
375
291
13
35
375
291
13
35
376
292
13
35
376
293
13
35
375
293
13
35
375
292
13
35
374
292
13
35
373
292
13
35
372
291
13
35
371
291
13
35
371
291
13
35
369
291
13
35
370
291
13
35
371
292
13
35
370
292
13
35
371
293
13
35
372
293
13
35
372
293
13
35
372
293
13
35
371
293
13
35
371
293
13
35
370
293
13
35
370
293
13
35
369
294
13
35
369
295
13
35
370
295
13
35
371
295
13
35
370
295
13
35
370
295
13
35
370
295
13
35
370
296
13
35
368
296
13
35
373
295
13
35
373
294
13
35
373
293
13
35
374
293
13
35
374
292
13
35
374
292
13
35
374
293
13
35
375
293
13
35
375
293
13
35
376
293
13
35
375
293
13
35
373
294
13
35
373
294
13
35
372
293
13
35
372
293
13
35
372
294
13
35
373
294
13
35
372
295
13
35
372
295
13
35
373
294
13
35
373
296
13
35
372
295
13
35
371
295
13
35
371
295
13
35
371
295
13
35
371
294
13
35
370
295
13
35
370
295
13
35
370
295
13
35
369
295
13
35
369
295
13
35
370
295
13
35
370
295
13
35
369
295
13
35
369
295
13
35
368
294
13
35
367
294
13
35
367
294
13
35
368
294
13
35
368
294
13
35
368
294
13
35
373
304
13
35
373
303
13
35
372
303
13
35
371
298
13
35
371
298
13
35
371
298
13
35
371
298
13
35
371
298
13
35
371
299
13
35
372
299
13
35
370
299
13
35
370
299
13
35
369
299
13
35
369
299
13
35
369
299
13
35
369
299
13
35
369
300
13
35
369
300
13
35
369
301
13
35
369
301
13
35
369
300
13
35
369
300
13
35
369
300
13
35
369
299
13
35
369
299
13
35
369
299
13
35
370
299
13
35
371
299
13
35
371
300
13
35
370
301
13
35
369
300
13
35
367
300
13
35
366
299
13
35
366
299
13
35
366
299
13
35
367
299
13
35
369
300
13
35
370
300
13
35
371
300
13
35
371
300
13
35
370
300
13
35
370
300
13
35
370
300
13
35
369
300
13
35
370
305
13
35
370
305
13
35
370
305
13
35
371
306
13
35
371
307
13
35
371
307
13
35
371
307
13
35
371
306
13
35
371
305
13
35
371
305
13
35
371
305
13
35
373
306
13
35
372
306
13
35
371
307
13
35
370
307
13
35
370
307
13
35
369
307
13
35
370
307
13
35
371
309
13
35
371
310
13
35
370
310
13
35
371
310
13
35
370
310
13
35
370
302
13
35
370
301
13
35
370
302
13
35
370
301
13
35
370
301
13
35
370
301
13
35
370
301
13
35
370
301
13
35
370
300
13
35
370
300
13
35
370
300
13
35
370
299
13
35
370
299
13
35
370
297
13
35
370
297
13
35
370
297
13
35
370
298
13
35
371
299
13
35
371
299
13
35
370
299
13
35
369
298
13
35
370
299
13
35
370
297
13
35
371
297
13
35
371
297
13
35
371
298
13
35
371
296
13
35
370
295
13
35
371
295
13
35
370
295
13
35
370
295
13
35
369
295
13
35
369
295
13
35
369
294
13
35
368
294
13
35
368
295
13
35
368
295
13
35
367
295
13
35
367
295
13
35
367
295
13
35
368
296
13
35
367
309
13
35
366
309
13
35
369
302
13
35
370
302
13
35
369
302
13
35
368
302
13
35
368
300
13
35
368
300
13
35
367
300
13
35
368
301
13
35
369
301
13
35
369
300
13
35
368
300
13
35
368
301
13
35
367
302
13
35
367
302
13
35
367
302
13
35
368
302
13
35
368
300
13
35
368
301
13
35
368
301
13
35
368
301
13
35
366
301
13
35
365
302
13
35
365
302
13
35
363
301
13
35
363
300
13
35
363
300
13
35
364
300
13
35
364
301
13
35
365
301
13
35
365
303
13
35
365
303
13
35
365
303
13
35
366
303
13
35
367
304
13
35
367
304
13
35
367
303
13
35
367
303
13
35
366
303
13
35
365
303
13
35
365
303
13
35
366
304
13
35
360
309
13
35
359
309
13
35
359
309
13
35
358
309
13
35
358
309
13
35
358
307
13
35
359
307
13
35
359
307
13
35
359
307
13
35
359
307
13
35
359
306
13
35
359
306
13
35
359
306
13
35
358
306
13
35
358
306
13
35
358
306
13
35
357
305
13
35
357
305
13
35
357
305
13
35
356
305
13
35
356
305
13
35
356
305
13
35
355
305
13
35
355
305
13
35
356
306
13
35
355
307
13
35
354
307
13
35
354
307
13
35
355
306
13
35
355
307
13
35
355
307
13
35
355
307
13
35
356
308
13
35
356
307
13
35
355
307
13
35
355
308
13
35
355
308
13
35
355
308
13
35
354
308
13
35
355
309
13
35
354
309
13
35
354
309
13
35
354
309
13
35
354
308
13
35
353
307
13
35
352
307
13
35
359
316
13
35
360
316
13
35
360
316
13
35
359
316
13
35
360
318
13
35
359
318
13
35
358
319
13
35
358
319
13
35
358
320
13
35
358
320
13
35
358
320
13
35
358
321
13
35
358
321
13
35
358
321
13
35
358
321
13
35
358
321
13
35
358
321
13
35
358
321
13
35
358
321
13
35
358
321
13
35
358
321
13
35
358
321
13
35
358
321
13
35
357
322
13
35
357
322
13
35
356
322
13
35
357
321
13
35
356
321
13
35
356
322
13
35
356
322
13
35
356
323
13
35
357
324
13
35
357
324
13
35
357
323
13
35
356
323
13
35
356
323
13
35
355
323
13
35
355
323
13
35
356
325
13
35
356
325
13
35
356
324
13
35
356
318
13
35
356
318
13
35
356
319
13
35
356
319
13
35
355
319
13
35
353
319
13
35
353
319
13
35
353
319
13
35
352
319
13
35
351
319
13
35
352
320
13
35
351
320
13
35
351
320
13
35
352
320
13
35
353
321
13
35
355
322
13
35
355
321
13
35
355
321
13
35
354
320
13
35
354
320
13
35
353
321
13
35
353
321
13
35
352
321
13
35
351
322
13
35
351
323
13
35
352
323
13
35
352
323
13
35
352
323
13
35
352
323
13
35
351
323
13
35
349
322
13
35
349
322
13
35
351
322
13
35
351
322
13
35
351
322
13
35
351
322
13
35
350
322
13
35
351
322
13
35
350
322
13
35
350
324
13
35
350
325
13
35
351
324
13
35
350
323
13
35
349
323
13
35
349
323
13
35
348
323
13
35
348
323
13
35
348
323
13
35
348
323
13
35
347
322
13
35
347
322
13
35
347
321
13
35
346
321
13
35
344
321
13
35
343
321
13
35
343
321
13
35
342
321
13
35
343
321
13
35
344
321
13
35
346
322
13
35
345
322
13
35
345
322
13
35
344
321
13
35
344
321
13
35
343
321
13
35
343
321
13
35
342
321
13
35
341
322
13
35
341
321
13
35
342
321
13
35
342
321
13
35
342
320
13
35
342
320
13
35
342
320
13
35
342
321
13
35
341
321
13
35
341
321
13
35
341
322
13
35
340
323
13
35
340
323
13
35
340
323
13
35
340
323
13
35
345
330
13
35
344
330
13
35
345
331
13
35
345
331
13
35
345
331
13
35
345
331
13
35
344
331
13
35
344
331
13
35
343
331
13
35
343
331
13
35
342
331
13
35
342
331
13
35
341
332
13
35
341
332
13
35
342
332
13
35
343
332
13
35
344
332
13
35
345
332
13
35
344
331
13
35
344
331
13
35
343
331
13
35
343
331
13
35
343
331
13
35
343
332
13
35
343
332
13
35
342
331
13
35
342
332
13
35
341
333
13
35
341
333
13
35
341
331
13
35
341
331
13
35
341
331
13
35
341
331
13
35
340
326
13
35
338
326
13
35
337
325
13
35
337
325
13
35
337
325
13
35
337
325
13
35
336
325
13
35
337
325
13
35
337
325
13
35
337
325
13
35
336
325
13
35
336
326
13
35
336
326
13
35
337
326
13
35
337
326
13
35
337
326
13
35
336
326
13
35
334
327
13
35
334
327
13
35
334
326
13
35
335
326
13
35
336
325
13
35
337
325
13
35
338
325
13
35
337
324
13
35
336
324
13
35
336
324
13
35
335
324
13
35
334
324
13
35
333
324
13
35
332
324
13
35
332
324
13
35
332
324
13
35
332
325
13
35
333
325
13
35
333
325
13
35
332
325
13
35
331
325
13
35
332
325
13
35
332
324
13
35
333
325
13
35
337
333
13
35
338
333
13
35
338
333
13
35
338
333
13
35
338
333
13
35
338
333
13
35
337
331
13
35
336
331
13
35
334
331
13
35
334
333
13
35
333
332
13
35
334
332
13
35
335
333
13
35
334
333
13
35
334
333
13
35
333
332
13
35
333
332
13
35
333
332
13
35
333
332
13
35
333
332
13
35
333
332
13
35
332
332
13
35
332
332
13
35
332
332
13
35
332
332
13
35
331
332
13
35
331
332
13
35
331
331
13
35
331
331
13
35
331
330
13
35
331
330
13
35
331
330
13
35
331
330
13
35
331
330
13
35
331
330
13
35
330
330
13
35
330
331
13
35
329
331
13
35
329
331
13
35
329
331
13
35
329
331
13
35
330
336
13
35
329
335
13
35
327
335
13
35
327
336
13
35
327
336
13
35
327
336
13
35
327
336
13
35
327
336
13
35
327
336
13
35
327
336
13
35
325
336
13
35
324
335
13
35
325
335
13
35
326
335
13
35
326
335
13
35
325
334
13
35
325
334
13
35
324
333
13
35
323
333
13
35
322
333
13
35
322
333
13
35
332
332
13
35
332
332
13
35
332
333
13
35
334
334
13
35
334
335
13
35
334
337
13
35
333
337
13
35
332
337
13
35
332
337
13
35
331
338
13
35
331
338
13
35
330
338
13
35
329
336
13
35
329
335
13
35
329
335
13
35
329
333
13
35
328
334
13
35
327
334
13
35
326
334
13
35
326
334
13
35
326
335
13
35
325
335
13
35
325
334
13
35
325
334
13
35
324
335
13
35
324
335
13
35
325
335
13
35
325
336
13
35
325
336
13
35
325
337
13
35
325
338
13
35
323
338
13
35
322
338
13
35
322
338
13
35
322
337
13
35
323
337
13
35
324
337
13
35
324
335
13
35
323
335
13
35
323
335
13
35
322
334
13
35
324
344
13
35
323
346
13
35
322
346
13
35
321
346
13
35
323
337
13
35
323
335
13
35
322
334
13
35
323
334
13
35
321
334
13
35
321
334
13
35
322
334
13
35
322
334
13
35
322
335
13
35
321
335
13
35
320
335
13
35
320
335
13
35
319
334
13
35
318
332
13
35
317
331
13
35
317
330
13
35
323
338
13
35
323
338
13
35
324
339
13
35
324
339
13
35
324
339
13
35
323
340
13
35
323
340
13
35
322
340
13
35
321
340
13
35
319
341
13
35
319
341
13
35
319
342
13
35
319
342
13
35
320
343
13
35
320
341
13
35
322
342
13
35
323
342
13
35
323
341
13
35
324
340
13
35
323
340
13
35
322
339
13
35
322
340
13
35
322
340
13
35
322
339
13
35
322
339
13
35
322
339
13
35
320
337
13
35
321
337
13
35
321
336
13
35
320
336
13
35
319
336
13
35
320
336
13
35
320
337
13
35
319
337
13
35
319
337
13
35
320
339
13
35
321
339
13
35
320
339
13
35
319
338
13
35
319
339
13
35
319
339
13
35
321
341
13
35
321
342
13
35
321
342
13
35
321
342
13
35
320
342
13
35
319
340
13
35
319
341
13
35
318
341
13
35
317
341
13
35
315
340
13
35
316
340
13
35
319
338
13
35
320
339
13
35
320
339
13
35
319
339
13
35
318
339
13
35
317
339
13
35
315
339
13
35
315
339
13
35
315
340
13
35
316
340
13
35
316
339
13
35
316
339
13
35
316
339
13
35
317
339
13
35
317
339
13
35
318
339
13
35
317
339
13
35
318
338
13
35
317
337
13
35
316
337
13
35
314
336
13
35
313
336
13
35
313
335
13
35
313
335
13
35
313
335
13
35
313
335
13
35
313
335
13
35
312
335
13
35
311
335
13
35
312
336
13
35
312
336
13
35
313
336
13
35
313
336
13
35
313
336
13
35
313
336
13
35
312
337
13
35
311
337
13
35
311
338
13
35
310
337
13
35
311
337
13
35
310
337
13
35
316
342
13
35
317
341
13
35
316
341
13
35
317
341
13
35
316
342
13
35
315
342
13
35
315
341
13
35
314
341
13
35
314
341
13
35
315
341
13
35
315
341
13
35
315
342
13
35
315
343
13
35
316
344
13
35
317
344
13
35
317
345
13
35
317
345
13
35
316
346
13
35
316
346
13
35
316
346
13
35
317
347
13
35
317
346
13
35
317
345
13
35
317
345
13
35
317
345
13
35
317
345
13
35
318
345
13
35
317
345
13
35
317
345
13
35
317
344
13
35
314
344
13
35
314
344
13
35
313
345
13
35
313
346
13
35
313
346
13
35
313
346
13
35
313
346
13
35
314
347
13
35
315
347
13
35
315
347
13
35
317
347
13
35
308
343
13
35
307
343
13
35
307
343
13
35
307
343
13
35
306
341
13
35
306
341
13
35
306
341
13
35
305
341
13
35
304
341
13
35
303
341
13
35
302
341
13
35
302
341
13
35
302
341
13
35
302
342
13
35
301
342
13
35
300
342
13
35
307
341
13
35
307
341
13
35
307
341
13
35
307
341
13
35
308
341
13
35
309
342
13
35
308
341
13
35
308
341
13
35
308
341
13
35
307
340
13
35
306
340
13
35
306
339
13
35
304
339
13
35
304
339
13
35
304
339
13
35
305
341
13
35
305
341
13
35
305
341
13
35
305
341
13
35
304
341
13
35
303
341
13
35
302
341
13
35
301
341
13
35
301
341
13
35
301
340
13
35
301
340
13
35
303
342
13
35
303
343
13
35
302
343
13
35
302
345
13
35
303
345
13
35
302
345
13
35
303
344
13
35
302
344
13
35
302
344
13
35
299
344
13
35
299
342
13
35
298
342
13
35
297
341
13
35
297
341
13
35
298
341
13
35
301
352
13
35
301
352
13
35
300
353
13
35
300
354
13
35
298
355
13
35
297
355
13
35
296
357
13
35
296
357
13
35
295
357
13
35
297
357
13
35
296
357
13
35
296
357
13
35
296
357
13
35
296
358
13
35
296
358
13
35
295
360
13
35
295
360
13
35
294
360
13
35
294
360
13
35
294
360
13
35
293
360
13
35
297
348
13
35
295
346
13
35
295
346
13
35
293
346
13
35
293
347
13
35
292
347
13
35
292
348
13
35
292
348
13
35
291
347
13
35
291
347
13
35
290
347
13
35
290
347
13
35
290
347
13
35
290
347
13
35
290
348
13
35
288
346
13
35
296
350
13
35
296
350
13
35
295
350
13
35
295
350
13
35
294
349
13
35
293
349
13
35
293
350
13
35
293
350
13
35
292
349
13
35
293
349
13
35
292
348
13
35
291
348
13
35
291
347
13
35
290
347
13
35
290
348
13
35
290
348
13
35
291
349
13
35
292
350
13
35
291
350
13
35
291
350
13
35
290
350
13
35
290
348
13
35
290
348
13
35
290
348
13
35
289
348
13
35
289
349
13
35
288
348
13
35
289
349
13
35
290
349
13
35
291
347
13
35
291
347
13
35
290
346
13
35
290
346
13
35
289
345
13
35
290
345
13
35
290
345
13
35
290
345
13
35
290
344
13
35
288
344
13
35
289
345
13
35
287
347
13
35
289
351
13
35
288
351
13
35
289
350
13
35
289
351
13
35
289
351
13
35
289
352
13
35
288
352
13
35
288
352
13
35
288
351
13
35
288
351
13
35
288
349
13
35
288
348
13
35
288
348
13
35
287
348
13
35
286
348
13
35
285
348
13
35
284
348
13
35
284
347
13
35
283
348
13
35
284
348
13
35
285
350
13
35
285
350
13
35
284
350
13
35
283
350
13
35
283
350
13
35
283
351
13
35
282
351
13
35
281
351
13
35
280
351
13
35
281
351
13
35
282
350
13
35
282
350
13
35
282
349
13
35
282
349
13
35
281
349
13
35
281
349
13
35
280
350
13
35
281
350
13
35
280
350
13
35
279
350
13
35
277
350
13
35
284
352
13
35
283
352
13
35
283
352
13
35
283
352
13
35
282
351
13
35
282
350
13
35
283
351
13
35
282
352
13
35
280
352
13
35
280
352
13
35
280
354
13
35
280
355
13
35
280
355
13
35
279
356
13
35
279
356
13
35
280
356
13
35
280
356
13
35
281
355
13
35
279
354
13
35
279
354
13
35
279
354
13
35
278
354
13
35
276
353
13
35
274
352
13
35
273
352
13
35
273
353
13
35
273
354
13
35
271
352
13
35
271
352
13
35
272
352
13
35
273
352
13
35
273
353
13
35
272
353
13
35
272
353
13
35
272
353
13
35
272
353
13
35
271
352
13
35
272
354
13
35
271
354
13
35
269
353
13
35
269
354
13
35
268
354
13
35
266
352
13
35
267
352
13
35
267
352
13
35
267
352
13
35
267
351
13
35
267
351
13
35
267
351
13
35
267
351
13
35
266
351
13
35
265
351
13
35
266
351
13
35
266
351
13
35
266
351
13
35
268
351
13
35
266
351
13
35
266
352
13
35
266
352
13
35
266
352
13
35
266
352
13
35
266
352
13
35
265
353
13
35
265
353
13
35
266
353
13
35
266
353
13
35
264
353
13
35
263
353
13
35
265
359
13
35
264
359
13
35
264
361
13
35
262
361
13
35
262
361
13
35
262
360
13
35
262
358
13
35
264
359
13
35
264
359
13
35
264
361
13
35
265
361
13
35
265
361
13
35
264
361
13
35
263
362
13
35
263
363
13
35
263
362
13
35
264
362
13
35
264
362
13
35
263
362
13
35
262
362
13
35
261
361
13
35
261
361
13
35
262
361
13
35
263
362
13
35
263
363
13
35
263
363
13
35
263
363
13
35
264
363
13
35
263
363
13
35
262
363
13
35
261
363
13
35
261
363
13
35
261
363
13
35
263
364
13
35
265
366
13
35
263
366
13
35
263
366
13
35
263
367
13
35
263
367
13
35
262
367
13
35
