0
752
207
75
13
35
205
75
13
35
203
75
13
35
201
76
13
35
201
76
13
35
200
77
13
35
199
78
13
35
198
77
13
35
198
78
13
35
195
78
13
35
194
78
13
35
192
78
13
35
190
76
13
35
188
76
13
35
187
75
13
35
187
75
13
35
186
74
13
35
186
73
13
35
186
73
13
35
186
72
13
35
187
72
13
35
187
72
13
35
186
72
13
35
186
72
13
35
185
71
13
35
185
71
13
35
185
72
13
35
185
71
13
35
186
71
13
35
186
71
13
35
186
71
13
35
188
70
13
35
188
70
13
35
189
70
13
35
189
70
13
35
188
71
13
35
187
71
13
35
188
71
13
35
187
70
13
35
187
70
13
35
187
68
13
35
192
75
13
35
192
75
13
35
193
75
13
35
193
75
13
35
193
75
13
35
192
73
13
35
192
73
13
35
192
73
13
35
192
73
13
35
193
73
13
35
192
72
13
35
192
72
13
35
192
72
13
35
191
72
13
35
191
72
13
35
191
72
13
35
192
72
13
35
193
73
13
35
193
73
13
35
193
73
13
35
192
73
13
35
193
73
13
35
193
72
13
35
194
72
13
35
194
73
13
35
194
72
13
35
194
72
13
35
193
72
13
35
192
72
13
35
192
71
13
35
193
71
13
35
193
71
13
35
193
71
13
35
194
70
13
35
194
71
13
35
193
72
13
35
193
71
13
35
192
70
13
35
191
69
13
35
191
68
13
35
192
68
13
35
192
69
13
35
193
69
13
35
194
69
13
35
194
69
13
35
194
69
13
35
194
72
13
35
194
71
13
35
195
71
13
35
194
71
13
35
194
71
13
35
195
71
13
35
196
71
13
35
196
71
13
35
196
72
13
35
196
73
13
35
196
73
13
35
196
73
13
35
195
73
13
35
195
73
13
35
195
73
13
35
197
75
13
35
198
75
13
35
199
75
13
35
199
75
13
35
198
74
13
35
199
73
13
35
200
73
13
35
201
73
13
35
202
74
13
35
203
74
13
35
203
72
13
35
204
72
13
35
204
72
13
35
204
72
13
35
204
72
13
35
204
73
13
35
204
73
13
35
203
73
13
35
202
73
13
35
202
74
13
35
201
74
13
35
200
74
13
35
200
75
13
35
201
74
13
35
202
74
13
35
202
76
13
35
203
71
13
35
204
72
13
35
205
73
13
35
205
73
13
35
205
73
13
35
204
73
13
35
204
74
13
35
203
75
13
35
203
75
13
35
204
76
13
35
205
76
13
35
205
75
13
35
205
75
13
35
205
75
13
35
204
76
13
35
203
77
13
35
203
77
13
35
202
77
13
35
202
76
13
35
203
76
13
35
204
78
13
35
204
76
13
35
204
76
13
35
204
78
13
35
204
79
13
35
203
80
13
35
202
80
13
35
202
80
13
35
202
80
13
35
203
78
13
35
203
78
13
35
204
78
13
35
204
78
13
35
203
76
13
35
204
77
13
35
204
76
13
35
203
77
13
35
202
75
13
35
203
69
13
35
203
69
13
35
203
69
13
35
203
71
13
35
203
71
13
35
202
71
13
35
200
71
13
35
199
71
13
35
199
71
13
35
200
71
13
35
200
71
13
35
201
72
13
35
202
71
13
35
202
71
13
35
202
70
13
35
201
69
13
35
200
68
13
35
199
68
13
35
198
69
13
35
197
67
13
35
198
67
13
35
198
67
13
35
198
67
13
35
199
67
13
35
199
67
13
35
199
66
13
35
198
66
13
35
198
65
13
35
199
65
13
35
197
64
13
35
198
64
13
35
198
63
13
35
198
63
13
35
198
63
13
35
198
63
13
35
198
63
13
35
199
62
13
35
198
61
13
35
199
61
13
35
199
61
13
35
198
62
13
35
199
65
13
35
199
65
13
35
199
63
13
35
199
63
13
35
199
62
13
35
198
62
13
35
197
62
13
35
196
62
13
35
197
62
13
35
197
62
13
35
199
62
13
35
199
63
13
35
199
63
13
35
199
64
13
35
199
64
13
35
199
64
13
35
199
64
13
35
200
62
13
35
200
62
13
35
200
62
13
35
200
62
13
35
199
61
13
35
199
62
13
35
199
62
13
35
199
62
13
35
198
60
13
35
198
60
13
35
198
60
13
35
199
60
13
35
199
61
13
35
199
60
13
35
200
60
13
35
200
62
13
35
200
62
13
35
201
62
13
35
201
63
13
35
201
62
13
35
201
62
13
35
201
62
13
35
201
63
13
35
201
63
13
35
205
63
13
35
205
63
13
35
206
63
13
35
206
63
13
35
207
64
13
35
207
64
13
35
207
64
13
35
206
64
13
35
206
62
13
35
206
62
13
35
205
62
13
35
205
61
13
35
205
62
13
35
206
62
13
35
206
62
13
35
206
62
13
35
207
63
13
35
207
62
13
35
207
62
13
35
206
61
13
35
207
62
13
35
207
62
13
35
207
62
13
35
206
62
13
35
207
62
13
35
206
62
13
35
207
61
13
35
206
60
13
35
206
59
13
35
206
59
13
35
207
60
13
35
208
60
13
35
208
61
13
35
208
61
13
35
207
61
13
35
208
59
13
35
207
59
13
35
208
59
13
35
208
59
13
35
207
59
13
35
207
59
13
35
211
59
13
35
211
58
13
35
212
59
13
35
212
60
13
35
213
60
13
35
213
60
13
35
213
60
13
35
213
58
13
35
213
57
13
35
213
54
13
35
214
52
13
35
214
50
13
35
214
48
13
35
213
48
13
35
214
47
13
35
213
49
13
35
213
49
13
35
212
49
13
35
212
49
13
35
213
49
13
35
214
50
13
35
214
50
13
35
214
49
13
35
214
49
13
35
214
49
13
35
215
49
13
35
216
50
13
35
214
50
13
35
214
49
13
35
213
48
13
35
214
48
13
35
214
48
13
35
215
48
13
35
221
58
13
35
220
58
13
35
220
57
13
35
220
57
13
35
222
58
13
35
222
58
13
35
222
58
13
35
222
58
13
35
223
58
13
35
223
58
13
35
223
58
13
35
222
57
13
35
222
57
13
35
222
57
13
35
222
57
13
35
223
58
13
35
223
57
13
35
223
57
13
35
224
57
13
35
223
58
13
35
222
58
13
35
222
57
13
35
223
57
13
35
224
58
13
35
224
58
13
35
224
58
13
35
223
58
13
35
222
57
13
35
223
57
13
35
224
57
13
35
225
57
13
35
226
57
13
35
226
58
13
35
225
58
13
35
225
58
13
35
225
58
13
35
225
58
13
35
224
58
13
35
225
58
13
35
225
58
13
35
225
57
13
35
229
56
13
35
230
58
13
35
231
58
13
35
232
58
13
35
231
58
13
35
231
58
13
35
231
58
13
35
230
58
13
35
231
57
13
35
231
56
13
35
231
57
13
35
231
56
13
35
232
56
13
35
231
54
13
35
231
54
13
35
231
54
13
35
231
53
13
35
230
52
13
35
230
52
13
35
230
52
13
35
231
52
13
35
232
52
13
35
233
52
13
35
234
53
13
35
237
53
13
35
237
53
13
35
237
53
13
35
237
53
13
35
236
53
13
35
235
53
13
35
234
53
13
35
234
53
13
35
234
51
13
35
235
51
13
35
236
51
13
35
235
49
13
35
235
49
13
35
235
49
13
35
237
50
13
35
236
50
13
35
236
50
13
35
239
54
13
35
239
54
13
35
239
54
13
35
241
54
13
35
240
53
13
35
242
53
13
35
242
51
13
35
242
51
13
35
242
51
13
35
241
51
13
35
241
52
13
35
243
53
13
35
244
53
13
35
245
54
13
35
244
54
13
35
244
52
13
35
244
52
13
35
244
52
13
35
244
51
13
35
244
52
13
35
244
52
13
35
245
53
13
35
245
53
13
35
245
53
13
35
246
54
13
35
247
53
13
35
242
53
13
35
242
53
13
35
242
54
13
35
242
53
13
35
243
53
13
35
245
53
13
35
245
53
13
35
245
53
13
35
246
53
13
35
247
53
13
35
247
53
13
35
247
51
13
35
247
53
13
35
247
53
13
35
247
53
13
35
246
52
13
35
246
52
13
35
245
52
13
35
246
51
13
35
247
53
13
35
247
54
13
35
248
54
13
35
248
54
13
35
249
54
13
35
249
54
13
35
248
54
13
35
248
54
13
35
247
53
13
35
247
53
13
35
247
53
13
35
247
54
13
35
248
54
13
35
249
54
13
35
248
53
13
35
248
54
13
35
248
54
13
35
248
54
13
35
246
54
13
35
246
54
13
35
246
54
13
35
246
54
13
35
247
56
13
35
247
56
13
35
247
56
13
35
246
54
13
35
247
56
13
35
247
56
13
35
247
56
13
35
246
57
13
35
244
58
13
35
243
58
13
35
242
57
13
35
241
57
13
35
241
59
13
35
242
59
13
35
241
61
13
35
240
59
13
35
241
58
13
35
237
54
13
35
236
53
13
35
235
53
13
35
235
53
13
35
234
51
13
35
234
51
13
35
232
50
13
35
232
50
13
35
232
50
13
35
230
50
13
35
229
49
13
35
230
49
13
35
230
49
13
35
229
49
13
35
229
49
13
35
228
49
13
35
227
49
13
35
226
49
13
35
226
49
13
35
225
49
13
35
224
49
13
35
224
49
13
35
223
49
13
35
221
49
13
35
221
49
13
35
220
50
13
35
219
49
13
35
218
49
13
35
218
51
13
35
217
49
13
35
217
49
13
35
215
49
13
35
214
49
13
35
212
49
13
35
212
49
13
35
212
50
13
35
211
50
13
35
210
52
13
35
210
54
13
35
209
54
13
35
208
54
13
35
206
54
13
35
205
54
13
35
204
53
13
35
203
51
13
35
203
51
13
35
202
51
13
35
202
52
13
35
202
51
13
35
201
52
13
35
199
51
13
35
196
51
13
35
194
51
13
35
193
51
13
35
192
51
13
35
191
51
13
35
191
51
13
35
192
51
13
35
192
51
13
35
192
51
13
35
191
52
13
35
189
52
13
35
188
52
13
35
187
53
13
35
185
53
13
35
184
53
13
35
183
53
13
35
182
52
13
35
182
53
13
35
181
53
13
35
180
51
13
35
179
49
13
35
179
49
13
35
178
48
13
35
177
48
13
35
176
48
13
35
177
49
13
35
175
49
13
35
173
50
13
35
171
50
13
35
170
48
13
35
169
48
13
35
167
48
13
35
166
48
13
35
165
48
13
35
164
48
13
35
164
48
13
35
162
48
13
35
161
48
13
35
160
47
13
35
159
49
13
35
158
49
13
35
157
49
13
35
156
49
13
35
155
51
13
35
153
50
13
35
153
50
13
35
152
50
13
35
151
50
13
35
150
50
13
35
149
50
13
35
148
48
13
35
147
48
13
35
146
49
13
35
145
49
13
35
145
50
13
35
145
51
13
35
143
51
13
35
141
50
13
35
141
50
13
35
140
48
13
35
140
48
13
35
139
48
13
35
138
49
13
35
137
47
13
35
135
47
13
35
135
47
13
35
134
48
13
35
133
48
13
35
131
48
13
35
130
48
13
35
129
47
13
35
127
47
13
35
129
59
13
35
128
59
13
35
126
59
13
35
125
59
13
35
124
60
13
35
123
61
13
35
122
61
13
35
120
63
13
35
121
63
13
35
121
63
13
35
119
61
13
35
118
63
13
35
118
63
13
35
117
61
13
35
115
59
13
35
114
58
13
35
114
58
13
35
113
58
13
35
111
58
13
35
110
58
13
35
108
58
13
35
107
57
13
35
106
57
13
35
106
57
13
35
106
57
13
35
105
56
13
35
104
56
13
35
103
56
13
35
101
57
13
35
99
57
13
35
98
56
13
35
96
57
13
35
95
56
13
35
94
56
13
35
94
56
13
35
93
56
13
35
93
54
13
35
92
56
13
35
91
58
13
35
90
57
13
35
90
57
13
35
90
54
13
35
90
54
13
35
89
52
13
35
88
51
13
35
86
51
13
35
84
51
13
35
83
51
13
35
83
53
13
35
82
53
13
35
81
53
13
35
81
55
13
35
80
57
13
35
79
57
13
35
78
57
13
35
78
57
13
35
78
57
13
35
77
57
13
35
76
56
13
35
75
54
13
35
74
54
13
35
73
53
13
35
71
54
13
35
70
54
13
35
70
52
13
35
69
51
13
35
69
51
13
35
68
51
13
35
62
50
13
35
62
50
13
35
61
50
13
35
60
50
13
35
59
51
13
35
59
51
13
35
57
53
13
35
56
52
13
35
55
50
13
35
55
49
13
35
54
49
13
35
53
47
13
35
52
47
13
35
52
47
13
35
51
47
13
35
49
46
13
35
48
46
13
35
47
45
13
35
46
45
13
35
45
45
13
35
45
43
13
35
44
42
13
35
43
42
13
35
42
42
13
35
41
41
13
35
40
41
13
35
38
41
13
35
38
41
13
35
39
40
13
35
39
40
13
35
37
41
13
35
36
43
13
35
34
42
13
35
32
42
13
35
31
41
13
35
29
41
13
35
28
41
13
35
27
40
13
35
26
40
13
35
26
40
13
35
25
38
13
35
24
42
13
35
24
42
13
35
24
42
13
35
23
42
13
35
22
41
13
35
21
41
13
35
20
41
13
35
19
41
13
35
17
41
13
35
15
42
13
35
14
40
13
35
13
40
13
35
14
40
13
35
12
40
13
35
11
39
13
35
10
38
13
35
9
38
13
35
9
38
13
35
8
37
13
35
7
36
13
35
6
35
13
35
5
33
13
35
3
34
13
35
2
34
13
35
2
36
13
35
1
36
13
35
0
36
13
35
0
34
13
35
0
34
13
35
2
38
13
35
2
37
13
35
0
35
13
35
