100
1344
324
256
13
35
324
256
13
35
326
255
13
35
327
255
13
35
328
255
13
35
328
255
13
35
327
254
13
35
328
252
13
35
329
252
13
35
330
252
13
35
330
252
13
35
331
252
13
35
331
252
13
35
332
253
13
35
332
253
13
35
332
253
13
35
332
251
13
35
331
252
13
35
331
252
13
35
330
252
13
35
334
257
13
35
334
257
13
35
334
257
13
35
333
257
13
35
333
256
13
35
334
255
13
35
335
253
13
35
335
253
13
35
337
253
13
35
338
254
13
35
338
254
13
35
338
254
13
35
338
254
13
35
337
254
13
35
337
254
13
35
336
254
13
35
336
254
13
35
337
253
13
35
338
253
13
35
339
253
13
35
339
253
13
35
340
253
13
35
339
252
13
35
338
253
13
35
339
253
13
35
338
253
13
35
338
253
13
35
339
253
13
35
340
254
13
35
341
254
13
35
342
255
13
35
342
257
13
35
342
258
13
35
342
257
13
35
341
257
13
35
342
257
13
35
342
257
13
35
343
255
13
35
342
254
13
35
343
254
13
35
343
252
13
35
342
251
13
35
343
251
13
35
344
250
13
35
343
251
13
35
342
251
13
35
343
251
13
35
344
251
13
35
345
251
13
35
344
252
13
35
344
252
13
35
343
253
13
35
342
252
13
35
342
252
13
35
343
251
13
35
343
251
13
35
343
251
13
35
345
251
13
35
347
250
13
35
347
252
13
35
347
252
13
35
347
252
13
35
347
251
13
35
346
250
13
35
344
251
13
35
343
250
13
35
344
250
13
35
344
250
13
35
344
250
13
35
345
250
13
35
345
250
13
35
345
250
13
35
344
250
13
35
344
248
13
35
344
248
13
35
343
248
13
35
343
248
13
35
344
247
13
35
344
247
13
35
350
248
13
35
350
249
13
35
350
250
13
35
351
249
13
35
350
249
13
35
351
248
13
35
351
248
13
35
350
248
13
35
350
248
13
35
350
248
13
35
350
248
13
35
350
248
13
35
350
247
13
35
349
247
13
35
348
248
13
35
347
247
13
35
348
247
13
35
347
247
13
35
349
247
13
35
349
248
13
35
349
248
13
35
349
249
13
35
349
249
13
35
349
249
13
35
349
248
13
35
350
248
13
35
351
248
13
35
351
248
13
35
351
250
13
35
350
250
13
35
350
250
13
35
350
250
13
35
350
248
13
35
349
248
13
35
349
248
13
35
349
248
13
35
349
248
13
35
349
248
13
35
349
248
13
35
350
247
13
35
350
248
13
35
347
251
13
35
348
251
13
35
348
251
13
35
348
251
13
35
347
249
13
35
347
249
13
35
346
250
13
35
346
249
13
35
347
248
13
35
347
249
13
35
348
248
13
35
348
248
13
35
349
248
13
35
349
248
13
35
349
248
13
35
348
248
13
35
348
247
13
35
348
247
13
35
347
247
13
35
347
247
13
35
346
249
13
35
347
249
13
35
347
249
13
35
347
249
13
35
347
249
13
35
347
249
13
35
347
249
13
35
347
249
13
35
348
250
13
35
348
250
13
35
348
250
13
35
347
250
13
35
348
250
13
35
347
251
13
35
348
249
13
35
347
250
13
35
347
250
13
35
347
250
13
35
347
250
13
35
347
250
13
35
347
250
13
35
348
252
13
35
347
252
13
35
348
251
13
35
347
251
13
35
347
251
13
35
346
250
13
35
345
251
13
35
345
251
13
35
345
251
13
35
346
251
13
35
348
252
13
35
348
253
13
35
349
254
13
35
349
254
13
35
349
255
13
35
349
255
13
35
349
254
13
35
350
252
13
35
351
250
13
35
351
248
13
35
351
248
13
35
350
248
13
35
351
248
13
35
350
248
13
35
350
246
13
35
349
247
13
35
349
247
13
35
350
247
13
35
351
247
13
35
351
247
13
35
351
247
13
35
352
247
13
35
353
246
13
35
354
246
13
35
355
247
13
35
354
247
13
35
354
248
13
35
353
247
13
35
354
247
13
35
355
247
13
35
356
247
13
35
361
255
13
35
360
254
13
35
360
253
13
35
361
253
13
35
362
252
13
35
362
252
13
35
362
252
13
35
362
252
13
35
362
252
13
35
362
252
13
35
362
252
13
35
362
253
13
35
362
253
13
35
362
253
13
35
362
253
13
35
362
253
13
35
362
253
13
35
362
253
13
35
362
253
13
35
361
255
13
35
360
254
13
35
360
253
13
35
361
253
13
35
362
254
13
35
362
254
13
35
362
252
13
35
361
252
13
35
360
252
13
35
361
252
13
35
362
251
13
35
363
251
13
35
364
251
13
35
364
252
13
35
364
254
13
35
364
253
13
35
364
253
13
35
364
253
13
35
363
253
13
35
364
254
13
35
364
255
13
35
365
255
13
35
366
255
13
35
367
256
13
35
367
255
13
35
368
255
13
35
367
256
13
35
367
256
13
35
367
256
13
35
365
255
13
35
366
254
13
35
366
253
13
35
366
254
13
35
366
254
13
35
367
253
13
35
367
253
13
35
366
251
13
35
366
251
13
35
366
251
13
35
365
251
13
35
365
251
13
35
365
252
13
35
366
252
13
35
367
252
13
35
368
252
13
35
369
254
13
35
371
254
13
35
371
254
13
35
371
254
13
35
371
254
13
35
370
254
13
35
368
252
13
35
367
252
13
35
367
252
13
35
367
251
13
35
368
251
13
35
368
251
13
35
367
250
13
35
367
250
13
35
367
251
13
35
368
252
13
35
367
252
13
35
367
253
13
35
370
257
13
35
370
257
13
35
370
258
13
35
371
258
13
35
370
258
13
35
372
258
13
35
372
256
13
35
372
256
13
35
371
256
13
35
370
256
13
35
370
256
13
35
371
256
13
35
372
256
13
35
372
256
13
35
371
257
13
35
371
257
13
35
370
256
13
35
370
256
13
35
371
256
13
35
370
256
13
35
370
256
13
35
371
257
13
35
371
257
13
35
371
257
13
35
371
257
13
35
372
256
13
35
372
256
13
35
371
255
13
35
371
255
13
35
371
255
13
35
372
255
13
35
374
255
13
35
374
255
13
35
374
255
13
35
375
256
13
35
375
256
13
35
375
257
13
35
375
257
13
35
375
258
13
35
375
258
13
35
375
258
13
35
379
264
13
35
379
264
13
35
377
264
13
35
378
263
13
35
378
264
13
35
378
265
13
35
379
266
13
35
380
266
13
35
380
266
13
35
380
266
13
35
379
266
13
35
386
274
13
35
386
274
13
35
386
274
13
35
386
276
13
35
386
276
13
35
387
276
13
35
388
277
13
35
388
277
13
35
389
279
13
35
389
278
13
35
389
279
13
35
388
281
13
35
388
281
13
35
389
281
13
35
392
274
13
35
393
275
13
35
393
274
13
35
394
274
13
35
394
275
13
35
395
275
13
35
396
275
13
35
398
276
13
35
398
277
13
35
397
279
13
35
397
279
13
35
397
280
13
35
397
280
13
35
397
282
13
35
398
282
13
35
399
281
13
35
399
281
13
35
400
281
13
35
400
283
13
35
399
284
13
35
398
284
13
35
399
284
13
35
399
284
13
35
399
284
13
35
398
286
13
35
399
286
13
35
399
286
13
35
398
286
13
35
398
286
13
35
400
287
13
35
401
287
13
35
401
287
13
35
402
287
13
35
401
287
13
35
401
288
13
35
401
288
13
35
402
290
13
35
402
290
13
35
402
290
13
35
403
290
13
35
403
289
13
35
402
289
13
35
405
284
13
35
405
284
13
35
405
284
13
35
405
284
13
35
406
285
13
35
406
285
13
35
407
285
13
35
406
286
13
35
406
286
13
35
405
286
13
35
406
286
13
35
406
286
13
35
406
287
13
35
406
289
13
35
407
291
13
35
407
292
13
35
407
292
13
35
408
292
13
35
408
292
13
35
408
292
13
35
410
293
13
35
410
293
13
35
411
293
13
35
412
293
13
35
413
293
13
35
413
294
13
35
412
293
13
35
410
293
13
35
409
293
13
35
409
293
13
35
409
293
13
35
409
293
13
35
410
294
13
35
412
294
13
35
413
294
13
35
414
294
13
35
414
295
13
35
413
295
13
35
413
296
13
35
412
296
13
35
411
296
13
35
411
297
13
35
411
297
13
35
411
297
13
35
411
297
13
35
410
298
13
35
410
298
13
35
410
299
13
35
410
298
13
35
410
298
13
35
410
299
13
35
410
299
13
35
411
299
13
35
410
299
13
35
408
298
13
35
406
296
13
35
406
296
13
35
405
297
13
35
405
297
13
35
405
298
13
35
404
300
13
35
402
308
13
35
402
308
13
35
401
308
13
35
401
309
13
35
401
309
13
35
400
309
13
35
400
309
13
35
399
309
13
35
398
309
13
35
397
309
13
35
396
309
13
35
396
309
13
35
395
309
13
35
395
309
13
35
394
308
13
35
393
306
13
35
393
306
13
35
392
305
13
35
391
304
13
35
390
303
13
35
390
303
13
35
390
304
13
35
388
304
13
35
387
302
13
35
387
302
13
35
387
300
13
35
388
300
13
35
387
300
13
35
386
300
13
35
386
298
13
35
384
298
13
35
384
298
13
35
383
299
13
35
382
300
13
35
380
302
13
35
380
302
13
35
380
301
13
35
379
301
13
35
379
301
13
35
379
300
13
35
378
300
13
35
379
304
13
35
379
304
13
35
379
305
13
35
379
305
13
35
378
305
13
35
379
304
13
35
380
305
13
35
379
305
13
35
378
305
13
35
378
303
13
35
377
303
13
35
376
302
13
35
376
303
13
35
376
301
13
35
376
300
13
35
375
300
13
35
374
300
13
35
373
302
13
35
373
303
13
35
373
303
13
35
374
303
13
35
374
303
13
35
375
305
13
35
375
304
13
35
375
304
13
35
373
304
13
35
372
305
13
35
372
304
13
35
370
304
13
35
370
303
13
35
370
303
13
35
371
303
13
35
371
303
13
35
372
302
13
35
371
304
13
35
371
304
13
35
371
304
13
35
372
303
13
35
373
303
13
35
373
303
13
35
373
303
13
35
371
312
13
35
369
310
13
35
368
311
13
35
368
311
13
35
369
311
13
35
369
313
13
35
369
313
13
35
369
313
13
35
368
313
13
35
364
313
13
35
365
314
13
35
366
314
13
35
366
314
13
35
366
314
13
35
366
314
13
35
366
314
13
35
366
314
13
35
366
314
13
35
365
314
13
35
364
313
13
35
364
313
13
35
363
312
13
35
363
312
13
35
363
312
13
35
362
312
13
35
363
312
13
35
363
312
13
35
362
312
13
35
362
312
13
35
363
313
13
35
362
314
13
35
361
314
13
35
361
314
13
35
362
313
13
35
362
314
13
35
362
314
13
35
362
315
13
35
362
315
13
35
362
314
13
35
362
315
13
35
361
315
13
35
361
315
13
35
361
315
13
35
361
316
13
35
362
317
13
35
362
318
13
35
362
318
13
35
362
318
13
35
362
317
13
35
361
315
13
35
360
315
13
35
361
314
13
35
362
314
13
35
362
314
13
35
361
314
13
35
362
316
13
35
361
316
13
35
360
317
13
35
360
317
13
35
360
317
13
35
360
317
13
35
360
317
13
35
360
318
13
35
360
318
13
35
360
319
13
35
360
319
13
35
360
319
13
35
360
319
13
35
360
319
13
35
360
319
13
35
360
319
13
35
360
319
13
35
360
319
13
35
360
319
13
35
359
320
13
35
359
320
13
35
358
320
13
35
360
320
13
35
359
320
13
35
359
321
13
35
359
321
13
35
359
322
13
35
359
321
13
35
359
322
13
35
359
320
13
35
358
320
13
35
358
320
13
35
357
320
13
35
357
320
13
35
358
322
13
35
356
325
13
35
356
324
13
35
356
323
13
35
356
323
13
35
356
324
13
35
357
324
13
35
356
324
13
35
354
323
13
35
354
323
13
35
354
323
13
35
353
323
13
35
353
323
13
35
354
324
13
35
353
324
13
35
353
324
13
35
355
325
13
35
356
326
13
35
358
327
13
35
359
327
13
35
359
327
13
35
358
326
13
35
358
325
13
35
357
327
13
35
357
327
13
35
356
327
13
35
354
326
13
35
354
327
13
35
355
327
13
35
355
327
13
35
354
326
13
35
354
326
13
35
353
326
13
35
351
326
13
35
351
327
13
35
353
327
13
35
353
327
13
35
353
327
13
35
353
327
13
35
352
328
13
35
353
328
13
35
352
328
13
35
352
328
13
35
352
329
13
35
353
329
13
35
352
328
13
35
351
328
13
35
351
328
13
35
350
328
13
35
350
328
13
35
350
328
13
35
350
328
13
35
350
328
13
35
350
329
13
35
350
328
13
35
349
328
13
35
348
328
13
35
347
328
13
35
347
328
13
35
347
330
13
35
348
329
13
35
349
329
13
35
351
330
13
35
351
330
13
35
351
330
13
35
351
330
13
35
351
330
13
35
350
330
13
35
350
330
13
35
349
330
13
35
348
331
13
35
348
331
13
35
348
331
13
35
349
332
13
35
349
331
13
35
349
331
13
35
349
331
13
35
350
332
13
35
349
332
13
35
349
332
13
35
349
332
13
35
348
333
13
35
348
333
13
35
348
334
13
35
348
334
13
35
350
334
13
35
349
334
13
35
349
334
13
35
349
334
13
35
349
334
13
35
349
334
13
35
349
334
13
35
348
334
13
35
347
334
13
35
347
334
13
35
347
334
13
35
347
334
13
35
347
335
13
35
347
335
13
35
347
334
13
35
348
334
13
35
349
334
13
35
349
333
13
35
348
333
13
35
348
333
13
35
347
333
13
35
347
333
13
35
347
333
13
35
347
333
13
35
347
332
13
35
346
331
13
35
346
332
13
35
345
333
13
35
345
333
13
35
345
331
13
35
345
332
13
35
345
332
13
35
345
332
13
35
344
334
13
35
342
334
13
35
341
333
13
35
341
333
13
35
341
333
13
35
341
333
13
35
344
333
13
35
345
333
13
35
345
333
13
35
344
333
13
35
343
333
13
35
344
335
13
35
344
335
13
35
344
334
13
35
344
334
13
35
344
334
13
35
343
334
13
35
342
336
13
35
342
336
13
35
343
337
13
35
344
337
13
35
345
336
13
35
346
336
13
35
347
336
13
35
346
336
13
35
345
336
13
35
345
336
13
35
343
336
13
35
342
336
13
35
341
336
13
35
340
336
13
35
340
336
13
35
340
337
13
35
340
337
13
35
341
337
13
35
341
337
13
35
340
337
13
35
339
337
13
35
339
337
13
35
339
337
13
35
339
336
13
35
339
335
13
35
340
335
13
35
340
335
13
35
340
335
13
35
339
335
13
35
339
335
13
35
346
341
13
35
345
341
13
35
343
341
13
35
342
341
13
35
341
341
13
35
341
341
13
35
342
342
13
35
341
341
13
35
340
341
13
35
340
342
13
35
340
342
13
35
340
343
13
35
340
343
13
35
341
345
13
35
341
344
13
35
340
345
13
35
340
345
13
35
340
345
13
35
340
347
13
35
339
346
13
35
339
346
13
35
339
347
13
35
339
347
13
35
339
346
13
35
339
346
13
35
339
346
13
35
339
346
13
35
339
346
13
35
339
346
13
35
338
347
13
35
337
346
13
35
336
346
13
35
336
347
13
35
336
347
13
35
336
348
13
35
336
348
13
35
336
349
13
35
336
349
13
35
336
351
13
35
336
350
13
35
336
350
13
35
343
348
13
35
343
348
13
35
343
346
13
35
343
346
13
35
341
346
13
35
341
346
13
35
343
345
13
35
344
345
13
35
344
342
13
35
344
342
13
35
345
340
13
35
345
340
13
35
344
342
13
35
344
342
13
35
344
342
13
35
344
342
13
35
344
342
13
35
344
342
13
35
346
343
13
35
347
343
13
35
347
344
13
35
346
344
13
35
345
344
13
35
345
344
13
35
344
346
13
35
344
347
13
35
343
347
13
35
343
346
13
35
344
346
13
35
342
356
13
35
342
354
13
35
340
354
13
35
339
354
13
35
338
356
13
35
338
356
13
35
338
353
13
35
337
351
13
35
337
352
13
35
337
352
13
35
336
352
13
35
336
350
13
35
336
350
13
35
336
351
13
35
336
352
13
35
336
353
13
35
336
354
13
35
334
353
13
35
334
355
13
35
334
355
13
35
334
355
13
35
334
355
13
35
335
355
13
35
335
354
13
35
333
352
13
35
333
352
13
35
332
352
13
35
332
352
13
35
331
354
13
35
330
354
13
35
330
358
13
35
330
358
13
35
330
356
13
35
329
356
13
35
330
356
13
35
329
356
13
35
328
355
13
35
329
355
13
35
328
355
13
35
328
357
13
35
327
357
13
35
326
358
13
35
326
358
13
35
326
358
13
35
325
356
13
35
324
355
13
35
324
353
13
35
325
353
13
35
325
353
13
35
326
352
13
35
326
352
13
35
326
351
13
35
326
352
13
35
326
352
13
35
326
352
13
35
325
352
13
35
323
353
13
35
323
353
13
35
323
354
13
35
323
354
13
35
323
354
13
35
319
362
13
35
320
363
13
35
321
362
13
35
321
361
13
35
322
361
13
35
321
361
13
35
321
361
13
35
320
362
13
35
322
357
13
35
322
355
13
35
321
354
13
35
321
354
13
35
321
354
13
35
321
354
13
35
321
354
13
35
320
354
13
35
321
355
13
35
321
355
13
35
321
356
13
35
321
357
13
35
321
357
13
35
321
358
13
35
322
358
13
35
321
358
13
35
320
358
13
35
320
358
13
35
321
358
13
35
325
356
13
35
325
359
13
35
325
361
13
35
325
359
13
35
324
359
13
35
324
359
13
35
324
359
13
35
323
358
13
35
322
360
13
35
322
358
13
35
322
358
13
35
321
359
13
35
322
360
13
35
322
360
13
35
321
359
13
35
320
360
13
35
319
360
13
35
317
360
13
35
317
360
13
35
318
360
13
35
319
360
13
35
319
359
13
35
319
359
13
35
320
359
13
35
321
359
13
35
321
361
13
35
322
361
13
35
322
361
13
35
323
360
13
35
322
359
13
35
321
358
13
35
320
358
13
35
319
358
13
35
319
357
13
35
318
357
13
35
317
356
13
35
317
356
13
35
317
356
13
35
317
356
13
35
316
356
13
35
317
357
13
35
318
359
13
35
318
358
13
35
318
358
13
35
318
358
13
35
318
359
13
35
317
359
13
35
316
360
13
35
316
360
13
35
316
359
13
35
317
359
13
35
316
359
13
35
316
359
13
35
317
357
13
35
317
357
13
35
317
357
13
35
317
358
13
35
316
359
13
35
316
358
13
35
315
358
13
35
315
358
13
35
315
356
13
35
315
356
13
35
315
356
13
35
315
358
13
35
315
358
13
35
315
358
13
35
315
359
13
35
314
359
13
35
313
359
13
35
314
359
13
35
314
359
13
35
314
359
13
35
313
358
13
35
313
358
13
35
313
358
13
35
313
358
13
35
313
358
13
35
313
358
13
35
312
358
13
35
312
358
13
35
312
357
13
35
310
359
13
35
310
360
13
35
310
360
13
35
310
361
13
35
310
361
13
35
310
361
13
35
310
361
13
35
310
361
13
35
311
361
13
35
311
360
13
35
312
359
13
35
311
359
13
35
311
359
13
35
311
359
13
35
311
359
13
35
311
358
13
35
310
358
13
35
309
358
13
35
308
358
13
35
307
358
13
35
306
358
13
35
305
358
13
35
305
358
13
35
305
358
13
35
305
357
13
35
304
357
13
35
303
357
13
35
303
357
13
35
303
357
13
35
303
357
13
35
303
358
13
35
305
358
13
35
306
357
13
35
305
357
13
35
305
356
13
35
304
357
13
35
303
357
13
35
303
357
13
35
303
357
13
35
302
356
13
35
302
356
13
35
303
368
13
35
304
368
13
35
304
368
13
35
305
368
13
35
305
368
13
35
304
368
13
35
303
368
13
35
303
368
13
35
302
367
13
35
302
367
13
35
303
366
13
35
303
366
13
35
305
368
13
35
305
369
13
35
304
369
13
35
304
371
13
35
305
372
13
35
304
372
13
35
305
372
13
35
304
373
13
35
304
373
13
35
302
372
13
35
302
370
13
35
301
370
13
35
300
369
13
35
300
369
13
35
301
369
13
35
301
369
13
35
301
369
13
35
300
370
13
35
300
370
13
35
298
370
13
35
298
370
13
35
297
371
13
35
297
371
13
35
297
371
13
35
298
371
13
35
298
370
13
35
298
371
13
35
298
372
13
35
298
373
13
35
297
373
13
35
296
375
13
35
296
375
13
35
295
375
13
35
295
375
13
35
295
375
13
35
294
375
13
35
294
374
13
35
292
373
13
35
292
373
13
35
290
374
13
35
289
374
13
35
287
375
13
35
287
377
13
35
287
377
13
35
287
377
13
35
287
377
13
35
287
377
13
35
287
377
13
35
287
377
13
35
287
377
13
35
287
378
13
35
286
378
13
35
286
378
13
35
286
379
13
35
285
379
13
35
284
379
13
35
283
380
13
35
281
380
13
35
280
380
13
35
279
380
13
35
278
380
13
35
278
380
13
35
277
379
13
35
275
379
13
35
275
380
13
35
273
379
13
35
272
381
13
35
271
381
13
35
271
381
13
35
271
382
13
35
273
381
13
35
272
381
13
35
270
381
13
35
270
380
13
35
269
379
13
35
268
379
13
35
267
380
13
35
266
380
13
35
265
381
13
35
265
381
13
35
266
382
13
35
266
382
13
35
266
382
13
35
264
382
13
35
262
382
13
35
260
381
13
35
259
380
13
35
257
380
13
35
256
380
13
35
256
380
13
35
254
380
13
35
254
381
13
35
252
383
13
35
250
383
13
35
249
383
13
35
249
382
13
35
248
382
13
35
248
382
13
35
248
382
13
35
246
381
13
35
246
381
13
35
246
380
13
35
246
380
13
35
245
378
13
35
243
376
13
35
242
376
13
35
241
376
13
35
241
376
13
35
240
376
13
35
238
376
13
35
237
375
13
35
227
388
13
35
227
388
13
35
227
388
13
35
227
388
13
35
225
389
13
35
223
389
13
35
222
389
13
35
221
390
13
35
219
391
13
35
217
391
13
35
215
391
13
35
215
391
13
35
215
390
13
35
214
390
13
35
213
391
13
35
212
391
13
35
210
392
13
35
209
392
13
35
207
393
13
35
207
393
13
35
206
393
13
35
205
393
13
35
203
394
13
35
201
394
13
35
200
394
13
35
199
394
13
35
199
394
13
35
196
394
13
35
195
393
13
35
193
393
13
35
191
394
13
35
188
394
13
35
187
394
13
35
186
394
13
35
185
394
13
35
185
394
13
35
185
396
13
35
185
396
13
35
186
396
13
35
185
395
13
35
185
394
13
35
175
401
13
35
174
401
13
35
172
400
13
35
170
401
13
35
168
400
13
35
166
400
13
35
164
401
13
35
162
399
13
35
161
400
13
35
161
400
13
35
160
402
13
35
160
402
13
35
159
404
13
35
157
405
13
35
155
406
13
35
154
406
13
35
153
407
13
35
150
396
13
35
149
396
13
35
149
397
13
35
148
397
13
35
146
396
13
35
146
397
13
35
138
398
13
35
136
396
13
35
136
396
13
35
136
396
13
35
136
397
13
35
134
395
13
35
133
393
13
35
135
392
13
35
129
391
13
35
128
390
13
35
127
391
13
35
127
391
13
35
126
391
13
35
125
391
13
35
118
387
13
35
115
387
13
35
114
388
13
35
112
390
13
35
111
389
13
35
110
388
13
35
110
390
13
35
109
390
13
35
106
391
13
35
108
392
13
35
108
392
13
35
107
393
13
35
97
384
13
35
95
383
13
35
93
382
13
35
91
384
13
35
89
382
13
35
87
382
13
35
86
382
13
35
85
381
13
35
84
379
13
35
82
377
13
35
79
377
13
35
79
377
13
35
78
375
13
35
76
375
13
35
74
374
13
35
72
374
13
35
70
372
13
35
69
372
13
35
66
372
13
35
64
374
13
35
62
375
13
35
59
375
13
35
56
375
13
35
55
375
13
35
53
375
13
35
51
373
13
35
49
371
13
35
48
369
13
35
47
367
13
35
44
367
13
35
41
367
13
35
38
367
13
35
37
367
13
35
35
365
13
35
35
365
13
35
35
365
13
35
33
365
13
35
33
365
13
35
33
365
13
35
32
365
13
35
31
365
13
35
