88
112
689
265
13
35
689
265
13
35
688
265
13
35
688
265
13
35
688
265
13
35
689
265
13
35
689
265
13
35
688
266
13
35
687
266
13
35
686
265
13
35
685
265
13
35
683
265
13
35
683
265
13
35
683
265
13
35
684
265
13
35
685
264
13
35
689
266
13
35
688
266
13
35
687
266
13
35
688
266
13
35
688
266
13
35
689
266
13
35
689
266
13
35
689
266
13
35
689
265
13
35
689
266
13
35
688
266
13
35
688
266
13
35
687
266
13
35
689
267
13
35
689
267
13
35
689
267
13
35
688
268
13
35
687
268
13
35
687
267
13
35
689
270
13
35
689
270
13
35
689
269
13
35
689
269
13
35
689
271
13
35
686
271
13
35
687
272
13
35
689
269
13
35
689
270
13
35
689
270
13
35
688
270
13
35
687
270
13
35
689
272
13
35
689
272
13
35
689
272
13
35
689
272
13
35
689
272
13
35
689
272
13
35
689
272
13
35
687
272
13
35
689
266
13
35
689
266
13
35
688
266
13
35
689
265
13
35
689
265
13
35
689
265
13
35
689
265
13
35
689
265
13
35
689
264
13
35
689
264
13
35
688
264
13
35
687
263
13
35
687
263
13
35
687
263
13
35
688
261
13
35
688
261
13
35
688
259
13
35
688
257
13
35
689
259
13
35
689
259
13
35
689
258
13
35
688
258
13
35
687
258
13
35
687
259
13
35
688
259
13
35
688
259
13
35
687
259
13
35
687
259
13
35
687
259
13
35
687
260
13
35
687
260
13
35
687
260
13
35
688
260
13
35
688
260
13
35
689
260
13
35
689
258
13
35
689
258
13
35
689
257
13
35
689
258
13
35
689
258
13
35
688
258
13
35
687
258
13
35
686
256
13
35
687
256
13
35
687
256
13
35
688
256
13
35
689
256
13
35
689
256
13
35
689
256
13
35
689
256
13
35
689
256
13
35
689
254
13
35
687
254
13
35
688
254
13
35
688
254
13
35
689
254
13
35
689
254
13
35
