256
647
689
242
13
35
689
242
13
35
687
242
13
35
687
242
13
35
686
242
13
35
686
242
13
35
686
242
13
35
685
242
13
35
685
242
13
35
685
242
13
35
685
242
13
35
684
241
13
35
684
241
13
35
684
241
13
35
683
241
13
35
681
241
13
35
681
241
13
35
680
241
13
35
680
240
13
35
679
241
13
35
679
241
13
35
678
241
13
35
678
241
13
35
678
241
13
35
677
241
13
35
677
241
13
35
676
241
13
35
677
240
13
35
676
240
13
35
676
240
13
35
675
240
13
35
674
240
13
35
674
241
13
35
674
241
13
35
674
241
13
35
675
242
13
35
674
243
13
35
674
243
13
35
674
243
13
35
673
244
13
35
673
243
13
35
675
242
13
35
675
240
13
35
675
240
13
35
674
238
13
35
674
238
13
35
673
238
13
35
673
238
13
35
671
238
13
35
670
238
13
35
668
238
13
35
668
238
13
35
668
236
13
35
668
236
13
35
668
236
13
35
661
242
13
35
661
242
13
35
661
242
13
35
661
243
13
35
662
244
13
35
660
244
13
35
659
244
13
35
657
243
13
35
657
243
13
35
657
243
13
35
658
243
13
35
658
243
13
35
656
243
13
35
656
242
13
35
656
242
13
35
656
242
13
35
655
242
13
35
654
242
13
35
654
242
13
35
653
242
13
35
652
242
13
35
652
242
13
35
651
243
13
35
650
243
13
35
649
243
13
35
648
243
13
35
648
243
13
35
648
243
13
35
648
243
13
35
648
241
13
35
647
243
13
35
645
243
13
35
645
242
13
35
645
242
13
35
645
242
13
35
645
241
13
35
644
241
13
35
642
241
13
35
645
246
13
35
645
246
13
35
645
246
13
35
645
246
13
35
645
246
13
35
645
246
13
35
644
247
13
35
643
246
13
35
642
246
13
35
641
246
13
35
639
246
13
35
639
246
13
35
639
246
13
35
639
246
13
35
639
247
13
35
639
248
13
35
639
248
13
35
640
248
13
35
639
248
13
35
638
247
13
35
638
248
13
35
636
247
13
35
636
245
13
35
636
244
13
35
635
244
13
35
635
244
13
35
635
244
13
35
634
244
13
35
633
244
13
35
632
244
13
35
632
244
13
35
631
244
13
35
630
244
13
35
629
243
13
35
629
243
13
35
629
243
13
35
630
243
13
35
630
243
13
35
632
243
13
35
632
243
13
35
632
243
13
35
629
249
13
35
627
249
13
35
625
248
13
35
623
248
13
35
622
248
13
35
627
245
13
35
627
245
13
35
627
245
13
35
625
247
13
35
624
247
13
35
624
247
13
35
625
247
13
35
624
248
13
35
623
248
13
35
623
248
13
35
622
248
13
35
622
248
13
35
623
248
13
35
622
248
13
35
623
248
13
35
622
247
13
35
621
247
13
35
620
247
13
35
619
247
13
35
618
247
13
35
619
247
13
35
619
247
13
35
619
247
13
35
618
247
13
35
618
247
13
35
617
246
13
35
616
246
13
35
616
246
13
35
612
243
13
35
611
242
13
35
611
242
13
35
610
242
13
35
610
243
13
35
610
243
13
35
610
243
13
35
609
241
13
35
608
240
13
35
607
240
13
35
606
240
13
35
606
240
13
35
607
240
13
35
607
241
13
35
607
241
13
35
607
241
13
35
607
241
13
35
606
241
13
35
605
240
13
35
604
240
13
35
603
240
13
35
603
239
13
35
601
238
13
35
601
238
13
35
599
238
13
35
599
238
13
35
599
239
13
35
598
239
13
35
598
239
13
35
598
239
13
35
598
239
13
35
598
237
13
35
597
237
13
35
596
237
13
35
595
237
13
35
594
235
13
35
593
235
13
35
593
235
13
35
593
235
13
35
594
235
13
35
593
235
13
35
596
244
13
35
595
244
13
35
594
244
13
35
593
239
13
35
592
239
13
35
592
238
13
35
591
237
13
35
591
237
13
35
591
237
13
35
591
237
13
35
590
237
13
35
591
237
13
35
591
237
13
35
591
237
13
35
590
237
13
35
588
238
13
35
587
238
13
35
586
238
13
35
585
237
13
35
585
239
13
35
586
239
13
35
585
239
13
35
584
239
13
35
585
238
13
35
585
239
13
35
584
238
13
35
582
237
13
35
582
237
13
35
582
237
13
35
582
237
13
35
581
237
13
35
581
237
13
35
581
237
13
35
579
237
13
35
579
237
13
35
580
236
13
35
580
236
13
35
579
236
13
35
579
236
13
35
578
235
13
35
577
235
13
35
577
235
13
35
577
235
13
35
576
235
13
35
578
238
13
35
578
237
13
35
577
236
13
35
575
236
13
35
575
236
13
35
575
236
13
35
575
235
13
35
574
234
13
35
574
234
13
35
574
234
13
35
575
234
13
35
573
234
13
35
573
234
13
35
571
234
13
35
571
234
13
35
571
234
13
35
570
234
13
35
570
235
13
35
570
236
13
35
570
238
13
35
570
238
13
35
570
238
13
35
569
237
13
35
568
235
13
35
567
234
13
35
567
234
13
35
567
234
13
35
569
231
13
35
569
231
13
35
569
232
13
35
567
231
13
35
565
230
13
35
563
230
13
35
562
229
13
35
561
227
13
35
560
227
13
35
560
227
13
35
561
227
13
35
562
227
13
35
563
227
13
35
563
228
13
35
562
227
13
35
561
227
13
35
560
227
13
35
559
228
13
35
559
228
13
35
559
228
13
35
559
228
13
35
559
228
13
35
558
228
13
35
558
228
13
35
558
227
13
35
558
226
13
35
558
226
13
35
558
226
13
35
558
226
13
35
559
226
13
35
558
226
13
35
556
226
13
35
555
226
13
35
555
226
13
35
554
226
13
35
555
225
13
35
555
225
13
35
555
227
13
35
555
227
13
35
555
227
13
35
554
227
13
35
557
228
13
35
558
228
13
35
558
228
13
35
558
228
13
35
553
223
13
35
553
223
13
35
553
224
13
35
553
223
13
35
553
222
13
35
553
222
13
35
554
222
13
35
554
221
13
35
553
221
13
35
553
219
13
35
553
219
13
35
552
219
13
35
551
218
13
35
552
219
13
35
553
220
13
35
551
219
13
35
550
219
13
35
550
218
13
35
550
217
13
35
551
217
13
35
551
217
13
35
551
217
13
35
551
217
13
35
550
216
13
35
551
216
13
35
550
217
13
35
550
216
13
35
549
216
13
35
549
216
13
35
549
214
13
35
548
214
13
35
548
214
13
35
548
214
13
35
548
214
13
35
548
214
13
35
548
215
13
35
548
216
13
35
548
216
13
35
547
216
13
35
548
215
13
35
549
215
13
35
548
219
13
35
547
219
13
35
548
218
13
35
548
218
13
35
547
218
13
35
547
218
13
35
544
214
13
35
544
214
13
35
543
214
13
35
543
214
13
35
542
214
13
35
543
214
13
35
542
214
13
35
543
215
13
35
544
215
13
35
544
216
13
35
544
216
13
35
543
216
13
35
541
216
13
35
540
216
13
35
539
215
13
35
538
215
13
35
538
214
13
35
538
214
13
35
538
214
13
35
537
214
13
35
538
214
13
35
538
215
13
35
537
215
13
35
536
215
13
35
537
216
13
35
538
216
13
35
538
216
13
35
537
215
13
35
537
214
13
35
536
214
13
35
535
214
13
35
535
214
13
35
535
214
13
35
535
214
13
35
534
213
13
35
534
213
13
35
533
213
13
35
533
213
13
35
533
213
13
35
534
213
13
35
534
213
13
35
535
211
13
35
535
211
13
35
535
211
13
35
535
211
13
35
534
211
13
35
533
210
13
35
532
209
13
35
532
207
13
35
531
207
13
35
531
207
13
35
530
206
13
35
529
208
13
35
529
208
13
35
529
208
13
35
528
208
13
35
528
208
13
35
528
208
13
35
527
210
13
35
526
210
13
35
525
210
13
35
526
209
13
35
526
209
13
35
526
209
13
35
526
209
13
35
526
209
13
35
526
208
13
35
525
207
13
35
525
207
13
35
525
207
13
35
525
207
13
35
524
207
13
35
523
209
13
35
522
209
13
35
522
209
13
35
522
209
13
35
522
208
13
35
522
207
13
35
521
207
13
35
521
206
13
35
522
206
13
35
522
206
13
35
521
206
13
35
521
206
13
35
520
206
13
35
519
206
13
35
518
206
13
35
517
206
13
35
517
206
13
35
516
206
13
35
515
206
13
35
515
206
13
35
515
206
13
35
514
206
13
35
514
206
13
35
514
206
13
35
514
206
13
35
513
205
13
35
512
205
13
35
512
205
13
35
511
204
13
35
510
203
13
35
509
203
13
35
508
203
13
35
507
203
13
35
508
202
13
35
507
202
13
35
506
203
13
35
505
203
13
35
505
203
13
35
505
203
13
35
505
203
13
35
504
203
13
35
498
205
13
35
498
205
13
35
497
206
13
35
496
206
13
35
496
206
13
35
495
206
13
35
494
205
13
35
494
203
13
35
494
203
13
35
493
203
13
35
493
202
13
35
492
202
13
35
490
201
13
35
489
201
13
35
489
201
13
35
488
201
13
35
487
201
13
35
487
201
13
35
486
201
13
35
486
201
13
35
487
200
13
35
487
201
13
35
488
201
13
35
488
201
13
35
488
201
13
35
487
201
13
35
486
201
13
35
484
201
13
35
484
201
13
35
482
201
13
35
480
201
13
35
480
202
13
35
480
202
13
35
480
201
13
35
479
201
13
35
479
201
13
35
477
201
13
35
475
201
13
35
474
201
13
35
475
201
13
35
475
202
13
35
472
204
13
35
472
204
13
35
470
206
13
35
470
206
13
35
469
206
13
35
468
206
13
35
471
204
13
35
471
204
13
35
470
204
13
35
469
204
13
35
469
204
13
35
468
204
13
35
468
204
13
35
468
204
13
35
468
204
13
35
467
204
13
35
467
204
13
35
466
204
13
35
465
204
13
35
463
204
13
35
461
204
13
35
460
204
13
35
458
204
13
35
458
204
13
35
458
206
13
35
459
206
13
35
458
206
13
35
457
205
13
35
456
206
13
35
456
206
13
35
455
206
13
35
454
206
13
35
453
206
13
35
451
207
13
35
451
207
13
35
450
206
13
35
450
206
13
35
450
206
13
35
449
204
13
35
448
204
13
35
448
204
13
35
446
204
13
35
445
204
13
35
445
204
13
35
443
206
13
35
442
206
13
35
441
207
13
35
439
207
13
35
440
206
13
35
439
206
13
35
439
206
13
35
438
206
13
35
438
206
13
35
437
206
13
35
436
206
13
35
435
206
13
35
433
206
13
35
432
206
13
35
431
206
13
35
431
206
13
35
430
208
13
35
429
208
13
35
429
208
13
35
429
208
13
35
430
208
13
35
430
205
13
35
428
205
13
35
428
205
13
35
426
205
13
35
425
205
13
35
424
205
13
35
423
205
13
35
422
205
13
35
421
205
13
35
420
205
13
35
419
206
13
35
418
207
13
35
418
207
13
35
417
207
13
35
417
208
13
35
416
206
13
35
415
207
13
35
413
207
13
35
412
206
13
35
412
206
13
35
411
206
13
35
410
205
13
35
408
205
13
35
408
205
13
35
408
205
13
35
407
205
13
35
406
205
13
35
406
206
13
35
406
206
13
35
406
206
13
35
405
206
13
35
404
205
13
35
402
205
13
35
400
207
13
35
399
207
13
35
399
207
13
35
399
207
13
35
399
206
13
35
399
206
13
35
399
206
13
35
397
204
13
35
394
203
13
35
394
203
13
35
392
203
13
35
391
203
13
35
390
203
13
35
388
203
13
35
388
203
13
35
387
203
13
35
386
203
13
35
386
202
13
35
386
202
13
35
385
202
13
35
383
202
13
35
383
202
13
35
382
201
13
35
382
201
13
35
