256
1155
689
242
13
35
689
242
13
35
687
242
13
35
687
242
13
35
686
242
13
35
686
242
13
35
686
242
13
35
685
242
13
35
685
242
13
35
685
242
13
35
685
242
13
35
684
241
13
35
684
241
13
35
684
241
13
35
683
241
13
35
681
241
13
35
681
241
13
35
680
241
13
35
680
240
13
35
679
241
13
35
679
241
13
35
678
241
13
35
678
241
13
35
678
241
13
35
677
241
13
35
677
241
13
35
676
241
13
35
677
240
13
35
676
240
13
35
676
240
13
35
675
240
13
35
674
240
13
35
674
241
13
35
674
241
13
35
674
241
13
35
675
242
13
35
674
243
13
35
674
243
13
35
674
243
13
35
673
244
13
35
673
243
13
35
675
243
13
35
675
241
13
35
675
241
13
35
674
239
13
35
674
239
13
35
673
239
13
35
673
239
13
35
671
239
13
35
670
239
13
35
668
239
13
35
668
239
13
35
668
237
13
35
668
237
13
35
668
237
13
35
667
237
13
35
674
239
13
35
674
239
13
35
674
239
13
35
674
238
13
35
672
238
13
35
671
239
13
35
669
237
13
35
669
237
13
35
669
237
13
35
670
237
13
35
670
237
13
35
668
237
13
35
667
236
13
35
667
238
13
35
668
238
13
35
667
239
13
35
666
238
13
35
666
240
13
35
666
240
13
35
665
240
13
35
665
240
13
35
665
241
13
35
664
239
13
35
664
239
13
35
664
240
13
35
664
241
13
35
664
241
13
35
664
242
13
35
664
240
13
35
663
240
13
35
661
240
13
35
661
240
13
35
662
240
13
35
662
240
13
35
662
239
13
35
661
238
13
35
660
239
13
35
659
239
13
35
659
238
13
35
659
238
13
35
660
238
13
35
660
242
13
35
660
243
13
35
659
243
13
35
658
242
13
35
657
242
13
35
656
242
13
35
654
242
13
35
654
242
13
35
654
243
13
35
654
244
13
35
654
244
13
35
654
245
13
35
654
245
13
35
655
246
13
35
654
248
13
35
653
248
13
35
653
249
13
35
651
249
13
35
651
247
13
35
651
246
13
35
651
247
13
35
649
244
13
35
650
244
13
35
649
244
13
35
648
242
13
35
647
242
13
35
647
242
13
35
646
241
13
35
645
241
13
35
644
241
13
35
644
241
13
35
644
241
13
35
645
241
13
35
645
241
13
35
647
241
13
35
647
241
13
35
647
241
13
35
647
240
13
35
646
240
13
35
644
239
13
35
643
238
13
35
643
238
13
35
643
238
13
35
643
237
13
35
643
237
13
35
642
237
13
35
641
237
13
35
640
237
13
35
640
237
13
35
638
236
13
35
637
236
13
35
637
237
13
35
636
238
13
35
636
238
13
35
637
238
13
35
636
239
13
35
637
239
13
35
637
239
13
35
636
238
13
35
635
238
13
35
634
238
13
35
633
238
13
35
633
241
13
35
634
242
13
35
634
242
13
35
633
242
13
35
633
242
13
35
632
242
13
35
631
241
13
35
631
241
13
35
630
242
13
35
630
242
13
35
630
242
13
35
630
242
13
35
630
243
13
35
630
244
13
35
630
243
13
35
629
243
13
35
629
242
13
35
628
242
13
35
628
241
13
35
628
240
13
35
629
240
13
35
629
240
13
35
624
235
13
35
624
235
13
35
624
235
13
35
622
234
13
35
621
232
13
35
620
232
13
35
619
232
13
35
618
231
13
35
616
231
13
35
616
231
13
35
614
231
13
35
614
231
13
35
614
232
13
35
613
232
13
35
614
232
13
35
614
230
13
35
614
230
13
35
614
230
13
35
613
230
13
35
612
230
13
35
611
230
13
35
611
230
13
35
615
237
13
35
615
239
13
35
615
237
13
35
615
237
13
35
614
237
13
35
614
238
13
35
614
238
13
35
614
239
13
35
612
239
13
35
612
239
13
35
612
237
13
35
612
237
13
35
613
238
13
35
613
238
13
35
613
238
13
35
613
239
13
35
614
239
13
35
614
239
13
35
615
241
13
35
614
241
13
35
612
241
13
35
611
241
13
35
610
241
13
35
609
240
13
35
608
241
13
35
609
241
13
35
608
241
13
35
601
229
13
35
602
229
13
35
602
231
13
35
601
230
13
35
600
230
13
35
600
230
13
35
600
230
13
35
600
230
13
35
599
231
13
35
599
230
13
35
599
230
13
35
597
230
13
35
597
230
13
35
598
231
13
35
598
231
13
35
597
231
13
35
597
231
13
35
596
230
13
35
595
230
13
35
595
230
13
35
596
232
13
35
596
232
13
35
596
232
13
35
596
231
13
35
596
229
13
35
595
229
13
35
595
228
13
35
595
229
13
35
595
228
13
35
595
228
13
35
595
228
13
35
595
228
13
35
596
229
13
35
594
229
13
35
593
228
13
35
591
227
13
35
591
227
13
35
591
227
13
35
590
227
13
35
589
228
13
35
589
230
13
35
590
231
13
35
590
232
13
35
590
232
13
35
589
230
13
35
589
228
13
35
589
226
13
35
589
226
13
35
589
226
13
35
590
228
13
35
590
227
13
35
590
228
13
35
588
227
13
35
586
226
13
35
584
225
13
35
583
225
13
35
582
224
13
35
581
224
13
35
581
224
13
35
582
224
13
35
583
225
13
35
583
225
13
35
583
226
13
35
582
226
13
35
582
226
13
35
581
226
13
35
580
226
13
35
580
226
13
35
580
226
13
35
580
226
13
35
580
227
13
35
579
228
13
35
579
228
13
35
578
227
13
35
578
227
13
35
577
226
13
35
576
225
13
35
575
225
13
35
576
225
13
35
575
225
13
35
573
225
13
35
571
225
13
35
572
220
13
35
571
220
13
35
571
220
13
35
571
220
13
35
571
220
13
35
571
222
13
35
571
222
13
35
570
222
13
35
570
222
13
35
570
222
13
35
569
222
13
35
568
220
13
35
568
219
13
35
568
219
13
35
568
221
13
35
567
220
13
35
567
218
13
35
567
218
13
35
567
219
13
35
567
219
13
35
566
219
13
35
566
217
13
35
566
217
13
35
565
217
13
35
565
217
13
35
566
218
13
35
567
220
13
35
566
222
13
35
565
221
13
35
565
219
13
35
565
217
13
35
566
218
13
35
566
218
13
35
565
217
13
35
565
215
13
35
564
215
13
35
565
215
13
35
564
216
13
35
564
216
13
35
563
216
13
35
563
216
13
35
561
210
13
35
560
210
13
35
560
210
13
35
560
210
13
35
559
209
13
35
559
209
13
35
559
210
13
35
559
210
13
35
559
210
13
35
559
211
13
35
560
210
13
35
561
210
13
35
560
210
13
35
559
210
13
35
559
208
13
35
559
208
13
35
558
209
13
35
558
210
13
35
558
210
13
35
558
210
13
35
557
210
13
35
557
210
13
35
562
204
13
35
562
204
13
35
562
204
13
35
563
206
13
35
563
206
13
35
563
206
13
35
563
206
13
35
563
206
13
35
561
206
13
35
560
206
13
35
559
205
13
35
558
205
13
35
557
204
13
35
557
204
13
35
558
204
13
35
552
201
13
35
553
201
13
35
552
201
13
35
552
201
13
35
552
201
13
35
553
200
13
35
554
200
13
35
554
199
13
35
554
198
13
35
554
197
13
35
553
198
13
35
552
198
13
35
552
198
13
35
553
198
13
35
553
198
13
35
553
198
13
35
553
198
13
35
552
199
13
35
552
199
13
35
553
200
13
35
554
201
13
35
554
201
13
35
554
201
13
35
554
201
13
35
554
201
13
35
554
202
13
35
555
201
13
35
554
202
13
35
553
201
13
35
553
200
13
35
552
199
13
35
552
199
13
35
551
198
13
35
550
198
13
35
550
198
13
35
550
198
13
35
549
198
13
35
549
199
13
35
549
199
13
35
548
200
13
35
547
199
13
35
547
199
13
35
548
198
13
35
548
197
13
35
548
197
13
35
548
197
13
35
548
197
13
35
548
196
13
35
547
196
13
35
547
198
13
35
546
196
13
35
546
196
13
35
545
196
13
35
546
197
13
35
545
200
13
35
544
200
13
35
544
200
13
35
544
200
13
35
544
199
13
35
543
199
13
35
544
199
13
35
545
199
13
35
545
199
13
35
544
199
13
35
544
199
13
35
543
199
13
35
542
199
13
35
541
198
13
35
540
198
13
35
540
198
13
35
539
197
13
35
538
198
13
35
538
199
13
35
538
199
13
35
538
199
13
35
538
198
13
35
538
198
13
35
538
198
13
35
537
197
13
35
537
197
13
35
537
197
13
35
537
196
13
35
537
196
13
35
536
196
13
35
535
194
13
35
535
197
13
35
537
197
13
35
536
197
13
35
536
198
13
35
536
199
13
35
536
199
13
35
537
199
13
35
537
199
13
35
537
199
13
35
536
199
13
35
535
197
13
35
535
198
13
35
535
198
13
35
536
198
13
35
536
198
13
35
536
198
13
35
536
197
13
35
537
197
13
35
537
197
13
35
537
195
13
35
536
195
13
35
534
194
13
35
533
193
13
35
533
193
13
35
532
193
13
35
531
193
13
35
531
193
13
35
530
193
13
35
530
193
13
35
531
192
13
35
532
194
13
35
534
195
13
35
534
194
13
35
534
194
13
35
533
193
13
35
533
193
13
35
531
193
13
35
531
194
13
35
529
194
13
35
527
194
13
35
527
194
13
35
527
194
13
35
527
194
13
35
528
198
13
35
528
198
13
35
526
196
13
35
524
194
13
35
523
194
13
35
525
194
13
35
525
193
13
35
525
193
13
35
525
199
13
35
524
199
13
35
525
198
13
35
524
198
13
35
523
198
13
35
523
199
13
35
523
198
13
35
522
198
13
35
521
197
13
35
521
197
13
35
520
197
13
35
520
197
13
35
520
197
13
35
520
197
13
35
519
197
13
35
519
197
13
35
518
197
13
35
517
198
13
35
516
198
13
35
515
198
13
35
515
199
13
35
514
199
13
35
515
197
13
35
516
197
13
35
518
199
13
35
517
198
13
35
516
196
13
35
515
195
13
35
515
196
13
35
513
194
13
35
512
193
13
35
511
193
13
35
509
194
13
35
508
193
13
35
508
193
13
35
508
193
13
35
508
193
13
35
508
193
13
35
507
194
13
35
507
194
13
35
506
194
13
35
506
194
13
35
506
194
13
35
505
194
13
35
503
192
13
35
502
191
13
35
502
191
13
35
504
191
13
35
503
191
13
35
503
191
13
35
502
191
13
35
502
190
13
35
502
189
13
35
501
190
13
35
500
189
13
35
498
189
13
35
497
188
13
35
496
190
13
35
496
190
13
35
495
191
13
35
495
191
13
35
496
191
13
35
495
193
13
35
496
192
13
35
497
190
13
35
496
189
13
35
496
189
13
35
495
189
13
35
495
190
13
35
495
190
13
35
494
190
13
35
494
189
13
35
493
188
13
35
492
188
13
35
490
190
13
35
490
191
13
35
490
191
13
35
489
191
13
35
489
191
13
35
489
191
13
35
488
193
13
35
486
195
13
35
485
194
13
35
485
194
13
35
485
194
13
35
485
196
13
35
484
194
13
35
485
194
13
35
484
192
13
35
483
192
13
35
482
192
13
35
482
193
13
35
482
193
13
35
482
192
13
35
481
192
13
35
481
193
13
35
480
193
13
35
478
194
13
35
478
194
13
35
479
194
13
35
479
194
13
35
475
190
13
35
475
190
13
35
476
190
13
35
475
190
13
35
473
188
13
35
473
186
13
35
471
185
13
35
470
185
13
35
468
184
13
35
466
183
13
35
465
182
13
35
464
183
13
35
463
184
13
35
464
184
13
35
464
184
13
35
463
183
13
35
461
183
13
35
461
183
13
35
460
183
13
35
460
183
13
35
460
182
13
35
460
181
13
35
460
181
13
35
460
180
13
35
459
179
13
35
459
179
13
35
463
188
13
35
462
188
13
35
460
188
13
35
459
188
13
35
458
188
13
35
458
188
13
35
458
188
13
35
457
188
13
35
456
188
13
35
455
188
13
35
455
188
13
35
454
188
13
35
453
188
13
35
453
188
13
35
453
188
13
35
452
188
13
35
452
188
13
35
452
188
13
35
452
189
13
35
451
189
13
35
451
189
13
35
450
188
13
35
449
188
13
35
448
187
13
35
447
187
13
35
447
187
13
35
446
187
13
35
445
187
13
35
444
185
13
35
442
186
13
35
441
186
13
35
440
186
13
35
434
185
13
35
434
185
13
35
434
186
13
35
434
186
13
35
433
185
13
35
432
184
13
35
431
184
13
35
431
184
13
35
430
183
13
35
430
184
13
35
429
184
13
35
428
182
13
35
427
182
13
35
425
181
13
35
424
180
13
35
425
180
13
35
425
181
13
35
424
180
13
35
423
182
13
35
423
181
13
35
423
181
13
35
422
180
13
35
421
179
13
35
421
179
13
35
420
179
13
35
419
178
13
35
418
178
13
35
419
178
13
35
419
180
13
35
418
180
13
35
417
180
13
35
416
180
13
35
416
180
13
35
415
182
13
35
415
184
13
35
414
184
13
35
414
183
13
35
414
183
13
35
414
181
13
35
414
179
13
35
413
179
13
35
414
185
13
35
414
185
13
35
415
183
13
35
415
183
13
35
414
183
13
35
415
182
13
35
415
182
13
35
414
183
13
35
414
183
13
35
415
183
13
35
415
183
13
35
416
185
13
35
416
184
13
35
416
184
13
35
414
184
13
35
414
184
13
35
415
185
13
35
415
185
13
35
416
183
13
35
418
183
13
35
418
183
13
35
417
183
13
35
417
181
13
35
417
182
13
35
417
182
13
35
416
182
13
35
415
180
13
35
414
180
13
35
414
180
13
35
414
178
13
35
414
178
13
35
415
179
13
35
415
179
13
35
415
179
13
35
416
179
13
35
416
179
13
35
416
180
13
35
416
180
13
35
415
181
13
35
415
181
13
35
415
180
13
35
413
181
13
35
412
181
13
35
413
179
13
35
414
177
13
35
414
177
13
35
415
176
13
35
415
174
13
35
415
173
13
35
414
174
13
35
414
174
13
35
413
174
13
35
412
175
13
35
410
174
13
35
409
174
13
35
409
174
13
35
409
175
13
35
410
175
13
35
411
173
13
35
412
174
13
35
413
173
13
35
413
172
13
35
414
172
13
35
413
172
13
35
413
172
13
35
412
171
13
35
412
171
13
35
412
170
13
35
412
169
13
35
412
169
13
35
412
169
13
35
413
179
13
35
413
179
13
35
412
179
13
35
411
179
13
35
412
179
13
35
412
180
13
35
412
182
13
35
412
182
13
35
412
182
13
35
413
182
13
35
412
182
13
35
411
181
13
35
411
182
13
35
412
182
13
35
414
182
13
35
415
182
13
35
415
181
13
35
415
179
13
35
414
179
13
35
414
179
13
35
414
179
13
35
413
178
13
35
412
178
13
35
412
178
13
35
412
178
13
35
412
178
13
35
413
179
13
35
413
179
13
35
412
179
13
35
411
179
13
35
411
179
13
35
410
181
13
35
410
181
13
35
411
181
13
35
412
181
13
35
412
180
13
35
412
180
13
35
413
180
13
35
414
180
13
35
414
182
13
35
415
183
13
35
417
184
13
35
418
184
13
35
418
184
13
35
417
183
13
35
416
182
13
35
415
184
13
35
415
184
13
35
415
184
13
35
415
184
13
35
415
184
13
35
415
184
13
35
415
184
13
35
414
184
13
35
415
185
13
35
416
185
13
35
417
185
13
35
417
185
13
35
417
185
13
35
417
185
13
35
416
186
13
35
415
186
13
35
415
186
13
35
415
187
13
35
415
186
13
35
415
185
13
35
415
185
13
35
416
183
13
35
416
183
13
35
416
184
13
35
415
185
13
35
414
185
13
35
415
184
13
35
414
184
13
35
414
184
13
35
414
184
13
35
414
184
13
35
414
185
13
35
414
186
13
35
415
186
13
35
416
186
13
35
416
188
13
35
416
184
13
35
415
184
13
35
416
185
13
35
416
185
13
35
416
183
13
35
416
183
13
35
416
182
13
35
416
182
13
35
416
182
13
35
416
182
13
35
416
181
13
35
415
181
13
35
415
181
13
35
419
184
13
35
417
186
13
35
417
186
13
35
417
186
13
35
418
187
13
35
418
187
13
35
418
187
13
35
419
187
13
35
419
186
13
35
420
186
13
35
421
186
13
35
422
184
13
35
421
186
13
35
422
187
13
35
422
187
13
35
423
187
13
35
423
187
13
35
423
186
13
35
423
186
13
35
422
186
13
35
422
188
13
35
422
188
13
35
422
189
13
35
423
190
13
35
419
187
13
35
420
188
13
35
419
188
13
35
419
188
13
35
419
188
13
35
419
188
13
35
419
188
13
35
419
190
13
35
421
191
13
35
422
190
13
35
421
190
13
35
421
191
13
35
421
192
13
35
421
192
13
35
421
192
13
35
422
191
13
35
421
192
13
35
422
192
13
35
422
192
13
35
423
194
13
35
423
194
13
35
424
193
13
35
424
195
13
35
423
195
13
35
422
195
13
35
422
195
13
35
421
195
13
35
421
195
13
35
422
195
13
35
422
195
13
35
424
197
13
35
424
197
13
35
423
199
13
35
423
201
13
35
424
202
13
35
423
202
13
35
424
202
13
35
423
202
13
35
425
197
13
35
423
198
13
35
423
198
13
35
422
198
13
35
422
197
13
35
422
197
13
35
424
197
13
35
424
198
13
35
425
197
13
35
425
199
13
35
426
200
13
35
424
200
13
35
424
200
13
35
423
200
13
35
423
200
13
35
427
197
13
35
428
197
13
35
428
197
13
35
429
197
13
35
430
198
13
35
431
199
13
35
433
199
13
35
432
200
13
35
433
200
13
35
433
200
13
35
433
199
13
35
434
200
13
35
434
201
13
35
435
201
13
35
434
199
13
35
434
198
13
35
433
200
13
35
433
200
13
35
432
200
13
35
432
200
13
35
432
200
13
35
432
199
13
35
429
203
13
35
429
203
13
35
429
204
13
35
429
204
13
35
430
205
13
35
430
207
13
35
429
206
13
35
430
206
13
35
430
206
13
35
429
206
13
35
428
206
13
35
427
205
13
35
426
204
13
35
426
204
13
35
425
204
13
35
425
204
13
35
426
203
13
35
426
203
13
35
425
203
13
35
426
205
13
35
425
204
13
35
425
204
13
35
425
204
13
35
426
204
13
35
426
203
13
35
425
203
13
35
424
202
13
35
422
201
13
35
422
199
13
35
421
198
13
35
420
198
13
35
420
207
13
35
419
207
13
35
418
207
13
35
418
207
13
35
419
208
13
35
420
208
13
35
420
208
13
35
419
208
13
35
418
208
13
35
417
209
13
35
417
207
13
35
417
207
13
35
417
207
13
35
417
207
13
35
415
207
13
35
416
208
13
35
414
208
13
35
413
209
13
35
412
209
13
35
412
208
13
35
411
208
13
35
410
208
13
35
410
209
13
35
408
209
13
35
408
209
13
35
408
208
13
35
408
209
13
35
408
209
13
35
408
209
13
35
408
209
13
35
407
210
13
35
406
210
13
35
405
210
13
35
404
210
13
35
404
208
13
35
403
209
13
35
404
210
13
35
404
208
13
35
404
208
13
35
403
208
13
35
402
207
13
35
401
211
13
35
401
211
13
35
400
211
13
35
399
211
13
35
398
211
13
35
399
211
13
35
400
210
13
35
400
210
13
35
400
208
13
35
400
208
13
35
399
209
13
35
399
209
13
35
398
210
13
35
399
209
13
35
398
208
13
35
398
210
13
35
396
210
13
35
396
210
13
35
395
210
13
35
394
208
13
35
394
206
13
35
393
206
13
35
393
205
13
35
394
207
13
35
392
206
13
35
390
206
13
35
389
205
13
35
389
207
13
35
389
209
13
35
389
210
13
35
388
210
13
35
388
210
13
35
389
210
13
35
389
210
13
35
391
212
13
35
389
210
13
35
389
210
13
35
388
209
13
35
387
209
13
35
385
207
13
35
383
205
13
35
380
203
13
35
379
203
13
35
378
204
13
35
378
205
13
35
378
205
13
35
379
205
13
35
379
204
13
35
378
204
13
35
377
203
13
35
377
203
13
35
377
203
13
35
377
201
13
35
376
200
13
35
376
200
13
35
375
199
13
35
373
198
13
35
372
198
13
35
370
197
13
35
368
195
13
35
368
195
13
35
368
195
13
35
368
195
13
35
367
194
13
35
367
194
13
35
367
195
13
35
367
195
13
35
366
193
13
35
365
193
13
35
365
193
13
35
365
193
13
35
365
194
13
35
366
193
13
35
364
193
13
35
363
193
13
35
361
192
13
35
360
193
13
35
359
192
13
35
359
192
13
35
358
192
13
35
358
192
13
35
359
190
13
35
356
196
13
35
355
196
13
35
354
195
13
35
353
194
13
35
351
192
13
35
350
192
13
35
348
191
13
35
347
189
13
35
346
187
13
35
346
185
13
35
