0
66
596
342
22
43
595
343
22
43
594
343
22
43
593
343
22
43
592
343
22
43
591
344
22
43
589
345
22
43
588
347
22
43
587
347
22
43
586
348
22
43
586
348
22
43
586
348
22
43
586
348
22
43
586
348
22
43
585
349
22
43
584
349
22
43
583
351
22
43
581
352
22
43
579
354
22
43
578
355
22
43
577
355
22
43
576
356
22
43
575
357
22
43
574
357
22
43
573
357
22
43
572
357
22
43
571
358
22
43
569
359
22
43
568
360
22
43
568
361
22
43
568
361
22
43
567
361
22
43
566
363
22
43
565
363
22
43
564
363
22
43
564
363
22
43
563
363
22
43
562
363
22
43
561
364
22
43
559
364
22
43
557
364
22
43
557
374
22
43
557
374
22
43
556
374
22
43
554
374
22
43
551
374
22
43
553
375
22
43
551
374
22
43
550
374
22
43
551
374
22
43
553
375
22
43
553
375
22
43
553
375
22
43
551
375
22
43
550
375
22
43
548
375
22
43
547
375
22
43
547
375
22
43
547
375
22
43
547
375
22
43
549
375
22
43
552
375
22
43
552
375
22
43
554
377
22
43
552
377
22
43
550
377
22
43
