0
601
289
236
22
43
290
237
22
43
291
237
22
43
292
237
22
43
292
237
22
43
293
237
22
43
293
237
22
43
293
237
22
43
294
236
22
43
295
236
22
43
296
236
22
43
298
234
22
43
300
232
22
43
301
232
22
43
301
232
22
43
303
232
22
43
302
232
22
43
300
232
22
43
299
232
22
43
299
232
22
43
299
232
22
43
299
232
22
43
300
232
22
43
300
232
22
43
300
232
22
43
299
232
22
43
300
232
22
43
299
233
22
43
299
233
22
43
300
233
22
43
301
233
22
43
301
233
22
43
300
233
22
43
301
233
22
43
301
233
22
43
302
231
22
43
302
231
22
43
303
230
22
43
303
231
22
43
303
231
22
43
303
231
22
43
308
234
22
43
308
234
22
43
308
234
22
43
306
243
22
43
305
243
22
43
305
243
22
43
305
242
22
43
305
242
22
43
305
242
22
43
305
242
22
43
305
242
22
43
305
242
22
43
305
242
22
43
305
242
22
43
304
243
22
43
304
243
22
43
304
243
22
43
305
243
22
43
306
243
22
43
307
243
22
43
308
242
22
43
308
242
22
43
307
242
22
43
306
242
22
43
305
242
22
43
305
242
22
43
304
243
22
43
303
244
22
43
303
244
22
43
303
244
22
43
303
244
22
43
303
244
22
43
303
245
22
43
304
245
22
43
304
245
22
43
304
244
22
43
305
244
22
43
305
244
22
43
305
244
22
43
305
244
22
43
305
243
22
43
306
243
22
43
306
243
22
43
305
243
22
43
306
244
22
43
306
244
22
43
305
244
22
43
304
244
22
43
303
244
22
43
303
244
22
43
302
244
22
43
302
245
22
43
301
245
22
43
300
246
22
43
299
246
22
43
297
246
22
43
296
246
22
43
294
246
22
43
293
246
22
43
293
246
22
43
294
246
22
43
292
246
22
43
292
246
22
43
292
247
22
43
291
249
22
43
291
249
22
43
291
248
22
43
290
248
22
43
290
248
22
43
290
248
22
43
289
248
22
43
289
250
22
43
288
250
22
43
291
246
22
43
291
247
22
43
291
247
22
43
291
247
22
43
291
248
22
43
291
248
22
43
290
248
22
43
289
248
22
43
289
248
22
43
290
248
22
43
289
248
22
43
289
248
22
43
290
248
22
43
291
247
22
43
291
247
22
43
291
247
22
43
290
247
22
43
288
240
22
43
289
240
22
43
289
240
22
43
287
240
22
43
288
240
22
43
287
241
22
43
286
242
22
43
286
242
22
43
286
242
22
43
286
242
22
43
285
243
22
43
285
243
22
43
285
243
22
43
285
245
22
43
285
243
22
43
286
243
22
43
287
243
22
43
289
242
22
43
290
242
22
43
290
242
22
43
291
242
22
43
291
242
22
43
292
241
22
43
292
242
22
43
292
241
22
43
292
241
22
43
292
241
22
43
293
241
22
43
294
241
22
43
294
241
22
43
294
241
22
43
294
241
22
43
295
241
22
43
295
241
22
43
295
240
22
43
296
240
22
43
296
240
22
43
296
240
22
43
297
239
22
43
297
239
22
43
297
239
22
43
304
238
22
43
305
238
22
43
305
238
22
43
306
237
22
43
307
237
22
43
307
237
22
43
307
237
22
43
307
237
22
43
307
236
22
43
306
236
22
43
305
236
22
43
305
236
22
43
306
235
22
43
306
235
22
43
306
236
22
43
306
236
22
43
306
236
22
43
305
237
22
43
305
237
22
43
304
237
22
43
304
237
22
43
305
237
22
43
305
236
22
43
307
236
22
43
307
236
22
43
307
236
22
43
307
236
22
43
307
236
22
43
306
236
22
43
306
236
22
43
307
236
22
43
306
236
22
43
306
235
22
43
307
235
22
43
306
235
22
43
305
235
22
43
303
235
22
43
302
235
22
43
301
235
22
43
301
235
22
43
301
235
22
43
304
236
22
43
304
236
22
43
304
236
22
43
304
235
22
43
304
234
22
43
304
233
22
43
304
233
22
43
302
234
22
43
302
234
22
43
301
234
22
43
301
234
22
43
302
234
22
43
301
234
22
43
301
234
22
43
301
234
22
43
301
234
22
43
300
234
22
43
300
234
22
43
300
234
22
43
299
233
22
43
298
232
22
43
298
232
22
43
297
232
22
43
297
232
22
43
298
232
22
43
299
232
22
43
299
232
22
43
299
232
22
43
300
232
22
43
299
233
22
43
300
234
22
43
300
234
22
43
301
234
22
43
301
234
22
43
302
234
22
43
303
233
22
43
303
233
22
43
303
232
22
43
301
231
22
43
300
230
22
43
299
230
22
43
299
230
22
43
298
229
22
43
297
229
22
43
297
229
22
43
297
230
22
43
299
237
22
43
299
238
22
43
298
238
22
43
298
238
22
43
294
242
22
43
294
242
22
43
295
240
22
43
295
240
22
43
296
239
22
43
297
239
22
43
298
238
22
43
298
237
22
43
298
236
22
43
299
236
22
43
298
236
22
43
299
236
22
43
299
236
22
43
299
235
22
43
299
235
22
43
299
235
22
43
299
235
22
43
298
235
22
43
297
233
22
43
298
233
22
43
298
232
22
43
299
232
22
43
299
232
22
43
299
232
22
43
299
232
22
43
300
232
22
43
305
234
22
43
305
234
22
43
305
234
22
43
305
235
22
43
305
235
22
43
305
235
22
43
305
235
22
43
306
235
22
43
306
236
22
43
305
236
22
43
304
237
22
43
304
237
22
43
304
236
22
43
303
236
22
43
303
236
22
43
303
236
22
43
303
236
22
43
303
236
22
43
302
234
22
43
302
234
22
43
302
234
22
43
302
234
22
43
302
234
22
43
304
233
22
43
304
233
22
43
305
233
22
43
306
233
22
43
305
235
22
43
305
236
22
43
305
237
22
43
306
237
22
43
307
237
22
43
307
237
22
43
307
237
22
43
310
239
22
43
310
240
22
43
311
240
22
43
311
240
22
43
311
241
22
43
309
246
22
43
309
246
22
43
313
244
22
43
314
244
22
43
315
244
22
43
316
244
22
43
314
240
22
43
315
241
22
43
316
243
22
43
317
245
22
43
318
244
22
43
320
244
22
43
321
244
22
43
322
246
22
43
324
246
22
43
325
247
22
43
326
247
22
43
327
247
22
43
328
247
22
43
329
247
22
43
330
245
22
43
331
246
22
43
332
246
22
43
332
248
22
43
333
247
22
43
334
247
22
43
335
247
22
43
336
249
22
43
337
249
22
43
338
250
22
43
340
250
22
43
342
250
22
43
345
250
22
43
347
251
22
43
348
251
22
43
349
250
22
43
354
254
22
43
355
254
22
43
355
254
22
43
355
254
22
43
355
254
22
43
356
254
22
43
356
253
22
43
361
254
22
43
362
254
22
43
363
254
22
43
363
254
22
43
364
255
22
43
365
255
22
43
366
255
22
43
366
255
22
43
367
255
22
43
369
254
22
43
371
252
22
43
373
252
22
43
374
252
22
43
375
252
22
43
376
251
22
43
376
250
22
43
380
258
22
43
381
258
22
43
383
257
22
43
385
256
22
43
386
255
22
43
388
256
22
43
389
256
22
43
390
256
22
43
391
255
22
43
393
257
22
43
395
257
22
43
396
257
22
43
398
257
22
43
399
257
22
43
401
256
22
43
403
256
22
43
401
260
22
43
402
260
22
43
401
259
22
43
402
259
22
43
404
257
22
43
405
257
22
43
407
257
22
43
409
258
22
43
411
257
22
43
413
257
22
43
414
259
22
43
416
259
22
43
417
258
22
43
418
258
22
43
419
258
22
43
420
258
22
43
421
258
22
43
422
258
22
43
423
259
22
43
424
260
22
43
425
260
22
43
428
260
22
43
430
260
22
43
431
261
22
43
432
261
22
43
433
261
22
43
435
261
22
43
437
261
22
43
440
262
22
43
442
262
22
43
443
262
22
43
443
263
22
43
444
263
22
43
445
263
22
43
446
263
22
43
448
263
22
43
449
263
22
43
450
263
22
43
452
263
22
43
453
263
22
43
454
262
22
43
455
261
22
43
455
261
22
43
455
261
22
43
457
261
22
43
458
261
22
43
459
261
22
43
461
260
22
43
463
260
22
43
465
260
22
43
470
262
22
43
475
263
22
43
472
262
22
43
473
262
22
43
473
262
22
43
474
262
22
43
475
262
22
43
476
264
22
43
476
265
22
43
477
265
22
43
478
265
22
43
484
259
22
43
486
259
22
43
487
260
22
43
489
261
22
43
490
261
22
43
491
263
22
43
492
263
22
43
494
263
22
43
495
263
22
43
496
263
22
43
498
263
22
43
499
264
22
43
500
264
22
43
501
264
22
43
503
264
22
43
505
264
22
43
506
264
22
43
508
263
22
43
509
263
22
43
510
263
22
43
511
259
22
43
512
259
22
43
513
259
22
43
514
259
22
43
515
259
22
43
516
259
22
43
517
259
22
43
516
264
22
43
516
265
22
43
517
265
22
43
519
264
22
43
521
264
22
43
522
264
22
43
523
257
22
43
526
257
22
43
528
256
22
43
530
256
22
43
532
256
22
43
532
260
22
43
533
260
22
43
534
262
22
43
535
262
22
43
536
262
22
43
537
262
22
43
538
263
22
43
539
264
22
43
539
265
22
43
540
265
22
43
542
265
22
43
544
265
22
43
545
265
22
43
547
264
22
43
549
263
22
43
551
261
22
43
552
261
22
43
552
263
22
43
553
263
22
43
554
263
22
43
555
264
22
43
556
264
22
43
558
263
22
43
560
263
22
43
562
263
22
43
564
263
22
43
565
264
22
43
570
265
22
43
572
265
22
43
575
265
22
43
576
266
22
43
578
265
22
43
579
265
22
43
580
265
22
43
580
266
22
43
581
266
22
43
581
268
22
43
583
268
22
43
584
268
22
43
585
268
22
43
585
269
22
43
586
270
22
43
588
271
22
43
590
271
22
43
593
271
22
43
596
271
22
43
598
271
22
43
600
271
22
43
602
271
22
43
603
270
22
43
605
270
22
43
605
270
22
43
605
264
22
43
608
267
22
43
608
267
22
43
609
265
22
43
610
265
22
43
610
265
22
43
611
265
22
43
612
267
22
43
614
267
22
43
616
267
22
43
617
268
22
43
618
270
22
43
618
270
22
43
619
271
22
43
621
273
22
43
621
273
22
43
624
273
22
43
625
272
22
43
628
272
22
43
629
272
22
43
631
272
22
43
633
272
22
43
634
272
22
43
635
272
22
43
635
272
22
43
636
272
22
43
637
272
22
43
638
272
22
43
639
272
22
43
640
274
22
43
641
275
22
43
643
275
22
43
644
275
22
43
646
275
22
43
647
275
22
43
648
275
22
43
648
275
22
43
648
275
22
43
650
276
22
43
652
277
22
43
654
277
22
43
656
278
22
43
659
278
22
43
661
278
22
43
663
278
22
43
664
278
22
43
664
278
22
43
