186
667
673
191
22
43
672
191
22
43
671
190
22
43
669
190
22
43
667
190
22
43
666
190
22
43
665
190
22
43
664
189
22
43
663
189
22
43
662
189
22
43
661
189
22
43
661
187
22
43
660
187
22
43
659
187
22
43
657
187
22
43
656
187
22
43
655
187
22
43
654
187
22
43
653
186
22
43
652
185
22
43
650
185
22
43
648
185
22
43
646
185
22
43
644
185
22
43
643
185
22
43
641
185
22
43
639
185
22
43
639
185
22
43
638
185
22
43
637
185
22
43
636
185
22
43
639
182
22
43
638
182
22
43
637
182
22
43
635
182
22
43
633
181
22
43
631
180
22
43
629
180
22
43
629
179
22
43
629
179
22
43
628
179
22
43
627
179
22
43
626
178
22
43
624
178
22
43
623
178
22
43
621
178
22
43
619
177
22
43
617
176
22
43
616
175
22
43
614
175
22
43
612
175
22
43
612
174
22
43
612
174
22
43
612
174
22
43
611
174
22
43
609
176
22
43
608
176
22
43
608
176
22
43
606
176
22
43
605
176
22
43
609
169
22
43
608
169
22
43
607
169
22
43
606
169
22
43
605
168
22
43
602
168
22
43
600
168
22
43
598
168
22
43
597
168
22
43
595
167
22
43
593
167
22
43
593
167
22
43
592
167
22
43
592
167
22
43
591
167
22
43
589
167
22
43
588
167
22
43
588
167
22
43
587
167
22
43
586
166
22
43
584
165
22
43
583
164
22
43
582
164
22
43
582
163
22
43
582
162
22
43
581
161
22
43
580
160
22
43
578
160
22
43
578
160
22
43
577
160
22
43
579
156
22
43
578
156
22
43
578
156
22
43
577
156
22
43
575
156
22
43
573
156
22
43
572
156
22
43
571
155
22
43
570
155
22
43
569
155
22
43
569
155
22
43
568
155
22
43
569
155
22
43
568
155
22
43
567
155
22
43
566
155
22
43
566
155
22
43
566
155
22
43
566
155
22
43
566
153
22
43
567
153
22
43
567
153
22
43
566
153
22
43
564
153
22
43
563
153
22
43
563
152
22
43
563
152
22
43
563
152
22
43
563
152
22
43
564
152
22
43
563
152
22
43
563
152
22
43
562
151
22
43
562
151
22
43
562
151
22
43
562
151
22
43
562
151
22
43
563
150
22
43
561
150
22
43
561
150
22
43
559
150
22
43
550
148
22
43
548
148
22
43
547
148
22
43
547
147
22
43
545
147
22
43
543
147
22
43
542
147
22
43
541
147
22
43
540
147
22
43
539
147
22
43
542
150
22
43
541
150
22
43
539
150
22
43
538
150
22
43
537
150
22
43
536
150
22
43
533
153
22
43
532
153
22
43
531
153
22
43
530
153
22
43
528
154
22
43
527
154
22
43
526
154
22
43
526
154
22
43
525
154
22
43
524
154
22
43
522
152
22
43
520
152
22
43
519
152
22
43
518
152
22
43
517
151
22
43
515
151
22
43
514
151
22
43
513
151
22
43
511
153
22
43
509
154
22
43
507
154
22
43
505
154
22
43
503
154
22
43
502
154
22
43
500
154
22
43
499
154
22
43
498
153
22
43
498
153
22
43
497
152
22
43
495
152
22
43
494
152
22
43
493
152
22
43
492
152
22
43
490
152
22
43
488
152
22
43
486
150
22
43
484
150
22
43
482
150
22
43
480
150
22
43
478
150
22
43
477
150
22
43
482
155
22
43
481
157
22
43
479
157
22
43
477
157
22
43
475
157
22
43
474
157
22
43
473
156
22
43
473
156
22
43
473
157
22
43
471
159
22
43
470
161
22
43
468
161
22
43
466
161
22
43
464
161
22
43
463
161
22
43
462
161
22
43
461
161
22
43
460
161
22
43
459
161
22
43
458
161
22
43
456
161
22
43
455
161
22
43
453
162
22
43
452
162
22
43
449
162
22
43
449
162
22
43
447
162
22
43
446
162
22
43
445
162
22
43
443
162
22
43
441
162
22
43
440
162
22
43
439
162
22
43
438
162
22
43
437
162
22
43
436
162
22
43
436
162
22
43
435
162
22
43
434
162
22
43
433
164
22
43
432
164
22
43
425
167
22
43
424
167
22
43
422
168
22
43
420
168
22
43
419
169
22
43
417
169
22
43
415
169
22
43
414
169
22
43
413
169
22
43
412
171
22
43
411
171
22
43
410
173
22
43
409
173
22
43
408
173
22
43
407
173
22
43
406
173
22
43
406
173
22
43
405
173
22
43
403
174
22
43
401
174
22
43
400
174
22
43
399
175
22
43
398
175
22
43
398
175
22
43
397
175
22
43
396
175
22
43
396
175
22
43
395
175
22
43
394
175
22
43
392
175
22
43
389
175
22
43
387
175
22
43
386
175
22
43
385
175
22
43
384
175
22
43
384
175
22
43
384
175
22
43
384
175
22
43
384
176
22
43
383
177
22
43
382
178
22
43
381
180
22
43
379
180
22
43
378
180
22
43
377
180
22
43
375
180
22
43
374
180
22
43
372
180
22
43
370
180
22
43
369
180
22
43
368
180
22
43
367
180
22
43
366
180
22
43
364
180
22
43
362
180
22
43
361
180
22
43
360
180
22
43
358
180
22
43
358
180
22
43
358
180
22
43
357
180
22
43
356
180
22
43
355
180
22
43
355
180
22
43
355
180
22
43
354
180
22
43
354
180
22
43
353
180
22
43
352
180
22
43
351
180
22
43
350
180
22
43
349
180
22
43
348
180
22
43
347
180
22
43
345
180
22
43
344
180
22
43
342
180
22
43
340
180
22
43
339
180
22
43
339
180
22
43
339
181
22
43
338
181
22
43
340
189
22
43
340
189
22
43
340
188
22
43
340
188
22
43
340
188
22
43
340
188
22
43
339
187
22
43
339
187
22
43
338
187
22
43
337
187
22
43
336
187
22
43
335
187
22
43
335
187
22
43
333
187
22
43
332
187
22
43
332
187
22
43
332
187
22
43
331
187
22
43
331
187
22
43
331
187
22
43
331
187
22
43
330
187
22
43
329
187
22
43
328
187
22
43
327
187
22
43
327
187
22
43
327
187
22
43
327
187
22
43
328
187
22
43
328
187
22
43
328
187
22
43
328
188
22
43
328
188
22
43
328
188
22
43
328
186
22
43
328
186
22
43
328
185
22
43
328
185
22
43
328
185
22
43
326
186
22
43
325
187
22
43
321
191
22
43
321
191
22
43
321
191
22
43
321
190
22
43
319
190
22
43
319
190
22
43
320
189
22
43
320
189
22
43
322
187
22
43
322
187
22
43
324
185
22
43
324
185
22
43
324
185
22
43
324
185
22
43
324
185
22
43
323
180
22
43
323
181
22
43
323
180
22
43
321
180
22
43
321
178
22
43
320
177
22
43
319
176
22
43
317
176
22
43
317
176
22
43
317
176
22
43
317
176
22
43
316
176
22
43
316
176
22
43
314
176
22
43
314
176
22
43
312
176
22
43
312
176
22
43
313
174
22
43
313
174
22
43
314
172
22
43
313
172
22
43
314
172
22
43
314
172
22
43
313
171
22
43
312
170
22
43
311
168
22
43
310
167
22
43
309
167
22
43
308
166
22
43
307
165
22
43
310
157
22
43
310
156
22
43
310
156
22
43
310
156
22
43
308
157
22
43
308
157
22
43
312
156
22
43
310
155
22
43
308
155
22
43
308
154
22
43
308
154
22
43
308
154
22
43
309
153
22
43
311
152
22
43
312
150
22
43
313
148
22
43
313
146
22
43
312
145
22
43
311
144
22
43
309
144
22
43
308
144
22
43
307
144
22
43
306
144
22
43
305
144
22
43
304
144
22
43
306
142
22
43
304
142
22
43
305
140
22
43
305
140
22
43
304
141
22
43
303
142
22
43
304
140
22
43
304
139
22
43
305
137
22
43
305
135
22
43
304
134
22
43
305
134
22
43
305
134
22
43
305
134
22
43
307
134
22
43
307
133
22
43
308
132
22
43
307
131
22
43
307
131
22
43
307
129
22
43
307
129
22
43
304
129
22
43
300
128
22
43
298
128
22
43
299
128
22
43
300
127
22
43
300
128
22
43
300
127
22
43
302
127
22
43
304
127
22
43
305
127
22
43
306
127
22
43
306
127
22
43
307
126
22
43
308
125
22
43
308
124
22
43
308
123
22
43
307
123
22
43
307
123
22
43
308
123
22
43
309
123
22
43
310
124
22
43
311
124
22
43
311
124
22
43
310
124
22
43
309
124
22
43
307
124
22
43
305
125
22
43
304
125
22
43
302
127
22
43
301
127
22
43
301
130
22
43
302
130
22
43
303
130
22
43
304
130
22
43
306
130
22
43
308
130
22
43
308
130
22
43
308
130
22
43
309
128
22
43
308
128
22
43
308
128
22
43
308
130
22
43
306
132
22
43
306
132
22
43
305
132
22
43
305
132
22
43
305
132
22
43
305
133
22
43
303
133
22
43
301
133
22
43
301
133
22
43
301
133
22
43
301
133
22
43
302
133
22
43
301
132
22
43
302
132
22
43
303
132
22
43
303
133
22
43
303
134
22
43
304
136
22
43
305
136
22
43
307
136
22
43
308
135
22
43
311
135
22
43
312
134
22
43
311
135
22
43
309
136
22
43
309
136
22
43
310
136
22
43
309
138
22
43
310
138
22
43
310
138
22
43
311
138
22
43
310
139
22
43
310
139
22
43
311
140
22
43
311
140
22
43
311
142
22
43
311
143
22
43
312
143
22
43
313
143
22
43
315
143
22
43
316
143
22
43
319
155
22
43
321
155
22
43
322
156
22
43
323
156
22
43
323
156
22
43
324
158
22
43
325
158
22
43
326
158
22
43
327
158
22
43
328
158
22
43
329
158
22
43
329
158
22
43
328
159
22
43
329
159
22
43
330
159
22
43
331
159
22
43
331
161
22
43
333
162
22
43
335
164
22
43
337
164
22
43
339
166
22
43
341
166
22
43
342
164
22
43
343
163
22
43
345
163
22
43
347
163
22
43
349
163
22
43
351
163
22
43
353
163
22
43
353
163
22
43
352
165
22
43
353
165
22
43
353
164
22
43
354
165
22
43
354
166
22
43
356
166
22
43
358
165
22
43
360
165
22
43
360
165
22
43
361
167
22
43
362
167
22
43
364
169
22
43
365
169
22
43
366
169
22
43
367
169
22
43
369
169
22
43
372
169
22
43
374
169
22
43
374
169
22
43
375
169
22
43
376
169
22
43
377
171
22
43
378
171
22
43
379
170
22
43
380
170
22
43
381
171
22
43
383
171
22
43
384
172
22
43
385
172
22
43
386
172
22
43
386
172
22
43
385
172
22
43
385
172
22
43
386
173
22
43
387
173
22
43
389
173
22
43
391
172
22
43
394
172
22
43
397
172
22
43
399
172
22
43
400
172
22
43
401
172
22
43
402
172
22
43
404
172
22
43
405
171
22
43
406
171
22
43
406
172
22
43
406
173
22
43
407
173
22
43
407
173
22
43
408
174
22
43
409
175
22
43
418
174
22
43
419
174
22
43
421
176
22
43
422
176
22
43
424
176
22
43
426
176
22
43
428
176
22
43
428
176
22
43
429
176
22
43
430
175
22
43
432
174
22
43
434
174
22
43
436
174
22
43
438
174
22
43
439
174
22
43
441
174
22
43
442
175
22
43
443
175
22
43
443
175
22
43
444
176
22
43
445
176
22
43
445
176
22
43
446
174
22
43
446
174
22
43
448
172
22
43
448
172
22
43
449
172
22
43
449
173
22
43
450
173
22
43
451
173
22
43
453
175
22
43
455
176
22
43
457
177
22
43
459
176
22
43
460
177
22
43
462
178
22
43
463
178
22
43
464
178
22
43
465
176
22
43
467
177
22
43
468
177
22
43
470
185
22
43
471
185
22
43
472
185
22
43
472
185
22
43
467
183
22
43
466
183
22
43
466
185
22
43
466
185
22
43
468
186
22
43
470
186
22
43
472
187
22
43
473
187
22
43
475
187
22
43
477
187
22
43
478
187
22
43
478
187
22
43
478
189
22
43
483
195
22
43
