634
219
329
360
22
43
328
360
22
43
329
359
22
43
329
358
22
43
329
358
22
43
328
357
22
43
327
357
22
43
327
356
22
43
326
354
22
43
324
353
22
43
323
352
22
43
327
353
22
43
327
353
22
43
327
353
22
43
327
353
22
43
327
353
22
43
327
353
22
43
327
353
22
43
326
353
22
43
325
353
22
43
322
353
22
43
320
353
22
43
318
352
22
43
320
351
22
43
318
351
22
43
316
350
22
43
317
349
22
43
316
350
22
43
317
350
22
43
319
350
22
43
321
350
22
43
320
349
22
43
327
345
22
43
328
343
22
43
327
342
22
43
327
342
22
43
326
342
22
43
321
346
22
43
321
346
22
43
321
346
22
43
321
346
22
43
320
346
22
43
319
347
22
43
317
347
22
43
314
347
22
43
313
346
22
43
313
346
22
43
313
346
22
43
314
346
22
43
313
345
22
43
316
338
22
43
316
337
22
43
316
337
22
43
315
337
22
43
316
338
22
43
316
337
22
43
317
336
22
43
318
334
22
43
320
333
22
43
320
332
22
43
319
332
22
43
317
333
22
43
316
333
22
43
315
332
22
43
315
332
22
43
315
332
22
43
315
331
22
43
315
330
22
43
314
329
22
43
313
328
22
43
313
327
22
43
313
327
22
43
313
327
22
43
311
328
22
43
312
326
22
43
313
326
22
43
314
326
22
43
314
326
22
43
316
326
22
43
317
324
22
43
317
324
22
43
316
322
22
43
315
323
22
43
314
323
22
43
313
322
22
43
313
321
22
43
312
320
22
43
311
318
22
43
311
318
22
43
310
318
22
43
308
318
22
43
308
316
22
43
308
316
22
43
307
316
22
43
306
316
22
43
306
316
22
43
307
316
22
43
307
316
22
43
308
316
22
43
308
314
22
43
308
312
22
43
308
311
22
43
308
310
22
43
309
310
22
43
310
309
22
43
310
309
22
43
311
309
22
43
311
309
22
43
309
309
22
43
308
308
22
43
302
305
22
43
299
305
22
43
298
306
22
43
299
305
22
43
300
303
22
43
301
301
22
43
299
301
22
43
299
302
22
43
299
302
22
43
299
302
22
43
298
301
22
43
298
301
22
43
298
301
22
43
298
301
22
43
305
302
22
43
306
302
22
43
305
302
22
43
305
302
22
43
304
300
22
43
305
301
22
43
305
299
22
43
305
298
22
43
305
298
22
43
305
298
22
43
305
298
22
43
305
298
22
43
305
298
22
43
304
298
22
43
303
298
22
43
301
298
22
43
300
298
22
43
300
298
22
43
300
298
22
43
301
298
22
43
302
297
22
43
304
297
22
43
305
297
22
43
305
296
22
43
306
296
22
43
306
296
22
43
307
295
22
43
308
295
22
43
309
294
22
43
309
294
22
43
308
293
22
43
307
294
22
43
307
294
22
43
306
293
22
43
306
293
22
43
306
292
22
43
305
292
22
43
305
291
22
43
307
292
22
43
306
291
22
43
307
291
22
43
305
284
22
43
305
283
22
43
303
283
22
43
303
283
22
43
303
282
22
43
307
280
22
43
308
280
22
43
309
280
22
43
310
279
22
43
310
279
22
43
310
279
22
43
310
279
22
43
310
279
22
43
309
279
22
43
309
279
22
43
309
279
22
43
308
277
22
43
308
276
22
43
308
276
22
43
309
275
22
43
308
275
22
43
307
275
22
43
306
275
22
43
306
275
22
43
306
274
22
43
307
274
22
43
308
274
22
43
309
273
22
43
310
272
22
43
310
272
22
43
311
272
22
43
311
272
22
43
312
272
22
43
312
269
22
43
312
268
22
43
310
267
22
43
311
267
22
43
309
265
22
43
310
265
22
43
310
264
22
43
308
264
22
43
307
264
22
43
305
264
22
43
305
264
22
43
304
263
22
43
305
263
22
43
307
264
22
43
308
264
22
43
309
264
22
43
310
262
22
43
310
262
22
43
309
261
22
43
310
263
22
43
312
263
22
43
