0
319
409
421
9
16
409
421
9
16
409
421
9
16
409
421
9
16
408
421
9
16
407
421
9
16
407
421
9
16
406
421
9
16
406
421
9
16
405
421
9
16
405
421
9
16
405
421
9
16
406
420
9
16
406
420
9
16
405
422
9
16
404
423
9
16
404
423
9
16
403
424
9
16
403
424
9
16
403
424
9
16
404
424
9
16
405
424
9
16
406
424
9
16
406
424
9
16
406
424
9
16
405
424
9
16
405
424
9
16
405
424
9
16
404
424
9
16
404
424
9
16
403
424
9
16
402
427
9
16
402
427
9
16
403
427
9
16
403
427
9
16
403
427
9
16
404
427
9
16
404
427
9
16
400
427
9
16
399
428
9
16
399
428
9
16
399
428
9
16
398
428
9
16
398
428
9
16
398
428
9
16
398
428
9
16
398
428
9
16
398
428
9
16
398
428
9
16
397
428
9
16
397
428
9
16
396
428
9
16
396
428
9
16
396
427
9
16
395
427
9
16
395
427
9
16
394
427
9
16
393
427
9
16
393
427
9
16
394
427
9
16
395
427
9
16
395
427
9
16
394
427
9
16
394
426
9
16
393
426
9
16
392
426
9
16
392
426
9
16
392
426
9
16
392
426
9
16
392
426
9
16
391
426
9
16
391
427
9
16
391
427
9
16
391
427
9
16
391
427
9
16
391
427
9
16
391
427
9
16
391
427
9
16
391
427
9
16
391
430
9
16
391
430
9
16
391
430
9
16
391
430
9
16
391
430
9
16
391
430
9
16
391
430
9
16
391
430
9
16
391
430
9
16
391
430
9
16
391
430
9
16
391
430
9
16
391
430
9
16
391
430
9
16
392
430
9
16
392
430
9
16
392
430
9
16
392
430
9
16
392
430
9
16
392
431
9
16
392
431
9
16
392
430
9
16
392
430
9
16
392
430
9
16
392
430
9
16
392
430
9
16
391
431
9
16
386
432
9
16
386
432
9
16
387
432
9
16
387
432
9
16
387
432
9
16
387
432
9
16
387
432
9
16
387
432
9
16
387
432
9
16
387
433
9
16
387
433
9
16
387
433
9
16
387
433
9
16
387
433
9
16
386
433
9
16
386
433
9
16
386
433
9
16
386
433
9
16
386
433
9
16
386
433
9
16
385
433
9
16
386
433
9
16
385
433
9
16
384
433
9
16
384
433
9
16
384
433
9
16
383
433
9
16
383
433
9
16
383
433
9
16
384
433
9
16
385
433
9
16
385
433
9
16
385
433
9
16
385
433
9
16
384
433
9
16
384
433
9
16
383
435
9
16
383
435
9
16
382
435
9
16
383
435
9
16
384
435
9
16
385
437
9
16
384
437
9
16
385
437
9
16
385
437
9
16
385
437
9
16
384
437
9
16
383
437
9
16
383
438
9
16
380
435
9
16
380
436
9
16
380
436
9
16
380
436
9
16
381
436
9
16
381
436
9
16
381
436
9
16
381
436
9
16
381
436
9
16
381
436
9
16
381
437
9
16
381
437
9
16
381
437
9
16
380
437
9
16
380
437
9
16
380
437
9
16
380
439
9
16
380
439
9
16
380
439
9
16
380
439
9
16
380
439
9
16
380
439
9
16
380
437
9
16
380
437
9
16
380
437
9
16
380
438
9
16
379
438
9
16
379
438
9
16
379
438
9
16
380
438
9
16
380
437
9
16
381
437
9
16
381
437
9
16
381
436
9
16
381
436
9
16
381
437
9
16
381
438
9
16
381
438
9
16
381
438
9
16
381
438
9
16
381
438
9
16
382
439
9
16
382
439
9
16
382
439
9
16
382
439
9
16
382
439
9
16
382
439
9
16
382
439
9
16
382
439
9
16
382
439
9
16
382
439
9
16
382
439
9
16
382
439
9
16
382
439
9
16
381
439
9
16
381
440
9
16
381
440
9
16
380
440
9
16
380
440
9
16
380
440
9
16
380
440
9
16
380
440
9
16
382
445
9
16
383
446
9
16
383
446
9
16
383
446
9
16
383
446
9
16
383
446
9
16
383
446
9
16
383
445
9
16
383
445
9
16
383
445
9
16
383
445
9
16
383
447
9
16
383
445
9
16
383
446
9
16
383
446
9
16
383
446
9
16
383
446
9
16
383
448
9
16
383
448
9
16
383
448
9
16
383
448
9
16
383
448
9
16
384
448
9
16
384
448
9
16
384
448
9
16
383
448
9
16
384
450
9
16
384
450
9
16
384
450
9
16
384
450
9
16
384
450
9
16
384
449
9
16
384
449
9
16
383
449
9
16
383
449
9
16
383
449
9
16
383
449
9
16
385
449
9
16
385
449
9
16
385
450
9
16
385
449
9
16
379
443
9
16
379
443
9
16
379
443
9
16
379
443
9
16
378
443
9
16
377
443
9
16
377
443
9
16
377
444
9
16
377
444
9
16
377
444
9
16
377
444
9
16
377
444
9
16
377
444
9
16
377
444
9
16
377
444
9
16
377
444
9
16
377
444
9
16
377
444
9
16
377
444
9
16
376
444
9
16
377
444
9
16
377
444
9
16
377
444
9
16
377
444
9
16
377
444
9
16
378
444
9
16
378
444
9
16
378
444
9
16
378
444
9
16
378
444
9
16
377
442
9
16
377
442
9
16
377
442
9
16
376
442
9
16
375
443
9
16
375
443
9
16
375
443
9
16
374
443
9
16
374
443
9
16
374
443
9
16
374
443
9
16
375
451
9
16
375
451
9
16
375
451
9
16
375
452
9
16
375
452
9
16
375
452
9
16
375
452
9
16
375
452
9
16
375
452
9
16
376
452
9
16
376
452
9
16
375
451
9
16
374
451
9
16
374
452
9
16
374
452
9
16
374
452
9
16
374
453
9
16
374
453
9
16
374
453
9
16
374
453
9
16
