0
319
359
293
9
16
359
293
9
16
359
292
9
16
359
292
9
16
358
293
9
16
358
293
9
16
358
294
9
16
358
294
9
16
357
294
9
16
357
294
9
16
357
294
9
16
357
294
9
16
358
294
9
16
358
294
9
16
358
295
9
16
358
295
9
16
357
296
9
16
357
296
9
16
356
297
9
16
356
297
9
16
358
294
9
16
359
294
9
16
360
294
9
16
360
294
9
16
360
294
9
16
360
295
9
16
360
295
9
16
360
295
9
16
360
294
9
16
360
294
9
16
359
294
9
16
359
294
9
16
361
302
9
16
361
302
9
16
362
301
9
16
362
301
9
16
363
301
9
16
363
301
9
16
363
301
9
16
363
301
9
16
364
302
9
16
364
302
9
16
363
303
9
16
363
302
9
16
363
303
9
16
363
303
9
16
363
304
9
16
363
304
9
16
367
305
9
16
367
305
9
16
367
305
9
16
367
305
9
16
367
305
9
16
367
305
9
16
367
305
9
16
367
305
9
16
367
305
9
16
367
305
9
16
368
305
9
16
369
305
9
16
370
305
9
16
371
305
9
16
371
305
9
16
371
305
9
16
371
305
9
16
371
305
9
16
371
305
9
16
371
305
9
16
372
306
9
16
372
307
9
16
374
307
9
16
375
308
9
16
375
308
9
16
375
308
9
16
375
308
9
16
375
308
9
16
375
308
9
16
375
308
9
16
375
308
9
16
375
308
9
16
375
308
9
16
375
308
9
16
375
308
9
16
376
308
9
16
376
308
9
16
376
308
9
16
376
308
9
16
377
308
9
16
377
307
9
16
377
308
9
16
378
308
9
16
378
308
9
16
378
308
9
16
378
307
9
16
378
307
9
16
378
307
9
16
378
307
9
16
378
307
9
16
378
308
9
16
378
309
9
16
378
309
9
16
379
310
9
16
379
311
9
16
380
311
9
16
379
311
9
16
379
311
9
16
379
311
9
16
382
315
9
16
383
315
9
16
384
314
9
16
384
314
9
16
384
314
9
16
384
315
9
16
384
315
9
16
384
315
9
16
384
315
9
16
385
315
9
16
385
315
9
16
385
315
9
16
386
315
9
16
386
316
9
16
387
316
9
16
387
317
9
16
387
317
9
16
385
318
9
16
392
315
9
16
393
316
9
16
393
316
9
16
393
316
9
16
393
316
9
16
394
316
9
16
394
316
9
16
394
316
9
16
394
316
9
16
394
316
9
16
394
316
9
16
394
317
9
16
394
317
9
16
395
317
9
16
395
317
9
16
395
317
9
16
395
318
9
16
395
318
9
16
396
318
9
16
396
318
9
16
397
318
9
16
397
318
9
16
397
318
9
16
397
318
9
16
398
318
9
16
398
319
9
16
399
319
9
16
399
319
9
16
399
319
9
16
399
320
9
16
399
320
9
16
400
320
9
16
400
320
9
16
401
320
9
16
402
320
9
16
403
320
9
16
404
320
9
16
406
316
9
16
407
316
9
16
407
316
9
16
408
316
9
16
408
316
9
16
408
316
9
16
408
317
9
16
408
317
9
16
409
317
9
16
409
317
9
16
410
316
9
16
410
316
9
16
409
315
9
16
410
316
9
16
410
316
9
16
411
315
9
16
412
315
9
16
412
315
9
16
412
317
9
16
412
317
9
16
412
317
9
16
412
317
9
16
416
318
9
16
416
318
9
16
417
318
9
16
418
318
9
16
418
318
9
16
418
318
9
16
418
318
9
16
418
318
9
16
419
318
9
16
419
318
9
16
419
318
9
16
419
318
9
16
420
318
9
16
421
318
9
16
421
318
9
16
422
318
9
16
425
316
9
16
425
316
9
16
425
316
9
16
425
316
9
16
425
316
9
16
425
316
9
16
426
316
9
16
427
316
9
16
428
317
9
16
428
317
9
16
428
317
9
16
429
317
9
16
429
317
9
16
429
316
9
16
429
316
9
16
429
316
9
16
429
316
9
16
431
315
9
16
431
315
9
16
431
315
9
16
431
315
9
16
431
315
9
16
431
315
9
16
431
314
9
16
431
314
9
16
435
313
9
16
435
313
9
16
435
313
9
16
435
313
9
16
435
312
9
16
435
312
9
16
435
312
9
16
435
312
9
16
435
312
9
16
435
312
9
16
439
312
9
16
440
311
9
16
441
311
9
16
441
311
9
16
442
311
9
16
442
311
9
16
442
311
9
16
442
311
9
16
442
311
9
16
442
311
9
16
445
312
9
16
445
312
9
16
446
312
9
16
446
312
9
16
446
312
9
16
445
312
9
16
445
312
9
16
445
312
9
16
445
312
9
16
447
312
9
16
448
313
9
16
449
313
9
16
449
313
9
16
449
312
9
16
449
312
9
16
449
311
9
16
449
311
9
16
449
311
9
16
449
311
9
16
449
311
9
16
449
311
9
16
450
310
9
16
450
310
9
16
451
310
9
16
451
310
9
16
451
310
9
16
451
310
9
16
451
310
9
16
455
308
9
16
456
308
9
16
456
308
9
16
458
307
9
16
459
306
9
16
459
306
9
16
459
306
9
16
460
306
9
16
460
306
9
16
460
306
9
16
461
306
9
16
461
306
9
16
461
306
9
16
461
307
9
16
462
306
9
16
462
306
9
16
462
306
9
16
461
306
9
16
461
306
9
16
461
306
9
16
460
306
9
16
460
306
9
16
460
306
9
16
460
306
9
16
461
306
9
16
461
306
9
16
462
306
9
16
462
306
9
16
462
306
9
16
462
306
9
16
463
305
9
16
463
305
9
16
463
304
9
16
463
304
9
16
463
304
9
16
464
304
9
16
464
304
9
16
464
304
9
16
464
304
9
16
465
304
9
16
464
303
9
16
463
298
9
16
463
299
9
16
463
299
9
16
463
299
9
16
463
299
9
16
