0
319
373
294
9
16
373
294
9
16
372
294
9
16
372
294
9
16
371
294
9
16
371
294
9
16
371
295
9
16
370
295
9
16
369
295
9
16
368
295
9
16
370
292
9
16
370
292
9
16
370
293
9
16
370
293
9
16
370
293
9
16
369
293
9
16
368
293
9
16
367
294
9
16
367
294
9
16
366
291
9
16
367
291
9
16
368
291
9
16
369
290
9
16
369
290
9
16
370
290
9
16
369
290
9
16
370
290
9
16
370
290
9
16
369
290
9
16
369
290
9
16
368
290
9
16
368
290
9
16
368
290
9
16
368
290
9
16
368
290
9
16
368
290
9
16
369
290
9
16
369
290
9
16
367
289
9
16
367
289
9
16
367
289
9
16
367
289
9
16
366
289
9
16
366
289
9
16
366
289
9
16
366
289
9
16
366
289
9
16
366
289
9
16
366
289
9
16
366
289
9
16
366
289
9
16
366
289
9
16
366
289
9
16
366
288
9
16
365
289
9
16
365
288
9
16
365
288
9
16
365
287
9
16
365
288
9
16
366
287
9
16
367
287
9
16
367
289
9
16
367
287
9
16
367
287
9
16
367
286
9
16
366
288
9
16
366
288
9
16
366
284
9
16
366
284
9
16
366
283
9
16
366
283
9
16
366
283
9
16
366
283
9
16
366
283
9
16
366
283
9
16
366
283
9
16
366
283
9
16
366
283
9
16
366
283
9
16
366
283
9
16
366
283
9
16
366
283
9
16
371
282
9
16
371
282
9
16
371
282
9
16
372
282
9
16
372
282
9
16
373
282
9
16
373
282
9
16
373
283
9
16
374
282
9
16
374
281
9
16
375
282
9
16
376
282
9
16
376
282
9
16
376
282
9
16
376
282
9
16
376
282
9
16
376
282
9
16
376
283
9
16
377
283
9
16
377
283
9
16
377
283
9
16
377
283
9
16
378
279
9
16
378
279
9
16
378
279
9
16
378
280
9
16
379
280
9
16
379
280
9
16
379
280
9
16
379
280
9
16
379
280
9
16
379
280
9
16
379
280
9
16
380
280
9
16
381
280
9
16
381
280
9
16
382
280
9
16
383
280
9
16
383
280
9
16
384
279
9
16
384
279
9
16
384
279
9
16
384
279
9
16
384
279
9
16
384
279
9
16
385
279
9
16
385
279
9
16
385
279
9
16
386
279
9
16
386
279
9
16
386
279
9
16
386
279
9
16
386
279
9
16
387
279
9
16
388
279
9
16
389
278
9
16
390
278
9
16
390
278
9
16
390
278
9
16
390
278
9
16
390
278
9
16
390
278
9
16
390
278
9
16
392
278
9
16
394
277
9
16
394
277
9
16
394
277
9
16
395
277
9
16
394
278
9
16
395
277
9
16
395
277
9
16
395
277
9
16
395
278
9
16
395
278
9
16
395
278
9
16
395
278
9
16
395
278
9
16
396
278
9
16
397
278
9
16
399
275
9
16
400
275
9
16
400
275
9
16
400
275
9
16
400
275
9
16
400
275
9
16
401
275
9
16
401
275
9
16
401
275
9
16
401
275
9
16
401
275
9
16
401
275
9
16
401
275
9
16
401
275
9
16
401
275
9
16
401
274
9
16
402
273
9
16
403
273
9
16
404
273
9
16
405
273
9
16
405
273
9
16
405
273
9
16
405
273
9
16
406
273
9
16
406
273
9
16
407
273
9
16
409
273
9
16
409
274
9
16
410
274
9
16
410
274
9
16
410
274
9
16
410
275
9
16
411
275
9
16
411
275
9
16
411
275
9
16
412
275
9
16
412
275
9
16
413
275
9
16
414
275
9
16
415
272
9
16
415
272
9
16
415
272
9
16
415
271
9
16
416
271
9
16
416
271
9
16
417
271
9
16
418
271
9
16
419
271
9
16
419
271
9
16
420
271
9
16
421
271
9
16
420
272
9
16
421
272
9
16
421
272
9
16
421
272
9
16
421
272
9
16
422
272
9
16
423
271
9
16
423
271
9
16
424
271
9
16
424
271
9
16
424
271
9
16
424
270
9
16
424
270
9
16
424
270
9
16
424
270
9
16
424
272
9
16
424
272
9
16
425
271
9
16
427
270
9
16
427
270
9
16
428
268
9
16
428
268
9
16
428
268
9
16
429
268
9
16
430
268
9
16
432
266
9
16
432
266
9
16
433
265
9
16
434
265
9
16
435
263
9
16
435
263
9
16
436
263
9
16
436
263
9
16
436
263
9
16
436
263
9
16
436
263
9
16
436
263
9
16
436
263
9
16
435
261
9
16
435
261
9
16
435
260
9
16
435
260
9
16
437
260
9
16
438
261
9
16
438
261
9
16
441
262
9
16
442
261
9
16
442
261
9
16
442
261
9
16
442
261
9
16
442
261
9
16
442
261
9
16
442
261
9
16
442
261
9
16
443
261
9
16
444
261
9
16
445
260
9
16
446
260
9
16
446
260
9
16
446
260
9
16
446
260
9
16
446
260
9
16
446
260
9
16
447
260
9
16
448
259
9
16
448
259
9
16
448
259
9
16
449
259
9
16
450
259
9
16
450
259
9
16
450
259
9
16
451
259
9
16
452
259
9
16
453
259
9
16
453
259
9
16
454
257
9
16
454
257
9
16
454
257
9
16
454
257
9
16
454
257
9
16
454
257
9
16
454
257
9
16
454
257
9
16
454
257
9
16
454
257
9
16
455
257
9
16
457
258
9
16
458
258
9
16
459
258
9
16
459
258
9
16
459
258
9
16
459
260
9
16
459
260
9
16
460
259
9
16
460
259
9
16
460
259
9
16
461
259
9
16
461
262
9
16
461
260
9
16
461
260
9
16
461
260
9
16
461
260
9
16
461
260
9
16
461
260
9
16
462
260
9
16
462
261
9
16
462
261
9
16
