0
319
566
330
9
16
566
330
9
16
566
330
9
16
566
330
9
16
565
330
9
16
565
330
9
16
565
329
9
16
564
329
9
16
563
329
9
16
563
329
9
16
563
329
9
16
563
329
9
16
563
329
9
16
563
329
9
16
563
329
9
16
562
329
9
16
562
330
9
16
561
330
9
16
561
330
9
16
561
329
9
16
562
329
9
16
563
328
9
16
563
328
9
16
563
328
9
16
563
328
9
16
563
328
9
16
563
328
9
16
563
328
9
16
562
328
9
16
562
328
9
16
561
328
9
16
561
328
9
16
561
328
9
16
561
328
9
16
561
328
9
16
561
328
9
16
562
328
9
16
562
328
9
16
562
328
9
16
562
328
9
16
562
328
9
16
564
334
9
16
563
334
9
16
563
333
9
16
563
333
9
16
563
333
9
16
563
333
9
16
563
333
9
16
563
333
9
16
563
333
9
16
563
333
9
16
563
333
9
16
561
333
9
16
562
332
9
16
562
332
9
16
562
332
9
16
562
332
9
16
561
332
9
16
561
332
9
16
562
332
9
16
564
331
9
16
565
331
9
16
565
331
9
16
565
330
9
16
564
330
9
16
563
330
9
16
563
330
9
16
562
330
9
16
562
330
9
16
563
330
9
16
563
331
9
16
564
331
9
16
564
331
9
16
564
331
9
16
564
331
9
16
563
331
9
16
563
331
9
16
563
331
9
16
563
331
9
16
563
331
9
16
561
334
9
16
561
334
9
16
561
334
9
16
561
334
9
16
561
334
9
16
561
334
9
16
561
334
9
16
561
334
9
16
561
334
9
16
561
334
9
16
561
334
9
16
561
334
9
16
561
334
9
16
561
334
9
16
561
334
9
16
561
334
9
16
561
334
9
16
561
334
9
16
561
334
9
16
561
335
9
16
561
334
9
16
561
333
9
16
561
333
9
16
561
333
9
16
560
333
9
16
560
333
9
16
560
333
9
16
560
333
9
16
561
333
9
16
561
333
9
16
561
333
9
16
561
333
9
16
561
333
9
16
561
333
9
16
561
333
9
16
561
333
9
16
561
333
9
16
561
333
9
16
561
333
9
16
561
333
9
16
561
333
9
16
561
333
9
16
561
333
9
16
561
333
9
16
560
333
9
16
560
333
9
16
560
333
9
16
560
333
9
16
560
333
9
16
559
333
9
16
560
333
9
16
560
333
9
16
560
333
9
16
560
333
9
16
560
333
9
16
560
333
9
16
561
333
9
16
560
336
9
16
560
336
9
16
560
336
9
16
560
336
9
16
560
336
9
16
559
336
9
16
559
336
9
16
559
336
9
16
559
336
9
16
560
335
9
16
560
335
9
16
560
335
9
16
560
334
9
16
560
334
9
16
560
334
9
16
560
334
9
16
559
334
9
16
559
335
9
16
559
335
9
16
559
334
9
16
559
334
9
16
559
334
9
16
560
334
9
16
560
334
9
16
561
334
9
16
562
334
9
16
562
334
9
16
562
334
9
16
562
334
9
16
562
333
9
16
562
333
9
16
562
333
9
16
562
333
9
16
562
333
9
16
561
333
9
16
561
333
9
16
561
333
9
16
561
333
9
16
561
333
9
16
561
332
9
16
561
332
9
16
563
334
9
16
563
334
9
16
563
336
9
16
562
336
9
16
562
336
9
16
562
336
9
16
563
335
9
16
563
335
9
16
564
335
9
16
564
335
9
16
564
334
9
16
564
334
9
16
564
334
9
16
564
334
9
16
564
334
9
16
564
334
9
16
564
334
9
16
564
334
9
16
564
334
9
16
564
334
9
16
564
334
9
16
565
334
9
16
565
334
9
16
564
334
9
16
564
334
9
16
564
333
9
16
564
333
9
16
564
333
9
16
564
333
9
16
564
333
9
16
565
333
9
16
564
333
9
16
564
333
9
16
565
333
9
16
565
333
9
16
565
332
9
16
565
332
9
16
565
332
9
16
565
332
9
16
565
332
9
16
565
332
9
16
565
332
9
16
565
332
9
16
565
332
9
16
565
332
9
16
565
330
9
16
565
330
9
16
565
330
9
16
565
330
9
16
565
330
9
16
565
330
9
16
565
329
9
16
565
329
9
16
565
329
9
16
565
329
9
16
565
329
9
16
565
329
9
16
565
329
9
16
566
329
9
16
567
329
9
16
567
329
9
16
568
328
9
16
568
328
9
16
568
328
9
16
568
328
9
16
569
330
9
16
569
330
9
16
567
331
9
16
567
331
9
16
567
331
9
16
567
331
9
16
567
331
9
16
566
331
9
16
566
331
9
16
566
331
9
16
566
331
9
16
567
331
9
16
568
331
9
16
569
331
9
16
569
330
9
16
569
329
9
16
569
329
9
16
569
328
9
16
569
328
9
16
569
328
9
16
569
328
9
16
569
328
9
16
569
326
9
16
569
326
9
16
570
326
9
16
570
326
9
16
570
326
9
16
570
326
9
16
570
326
9
16
570
326
9
16
570
326
9
16
570
326
9
16
570
326
9
16
570
326
9
16
570
326
9
16
570
326
9
16
570
326
9
16
570
326
9
16
570
326
9
16
570
326
9
16
570
326
9
16
570
326
9
16
570
326
9
16
570
326
9
16
571
326
9
16
571
326
9
16
571
326
9
16
569
328
9
16
569
328
9
16
569
328
9
16
568
329
9
16
568
329
9
16
568
329
9
16
568
329
9
16
568
329
9
16
568
329
9
16
568
329
9
16
568
329
9
16
568
329
9
16
568
329
9
16
568
329
9
16
568
329
9
16
568
329
9
16
568
329
9
16
568
329
9
16
569
329
9
16
569
329
9
16
569
329
9
16
568
331
9
16
568
331
9
16
568
331
9
16
568
331
9
16
568
331
9
16
568
331
9
16
568
331
9
16
568
331
9
16
