0
319
544
328
9
16
544
328
9
16
544
328
9
16
544
328
9
16
544
329
9
16
544
330
9
16
544
329
9
16
544
329
9
16
543
329
9
16
543
329
9
16
543
329
9
16
543
329
9
16
543
329
9
16
543
329
9
16
543
329
9
16
542
329
9
16
542
330
9
16
541
330
9
16
541
330
9
16
541
330
9
16
542
330
9
16
543
330
9
16
543
330
9
16
543
330
9
16
543
330
9
16
543
330
9
16
543
330
9
16
543
330
9
16
542
330
9
16
542
330
9
16
541
330
9
16
541
330
9
16
541
330
9
16
541
330
9
16
541
330
9
16
541
330
9
16
542
330
9
16
542
330
9
16
541
330
9
16
541
330
9
16
541
330
9
16
542
333
9
16
541
333
9
16
541
333
9
16
541
333
9
16
542
333
9
16
542
333
9
16
542
333
9
16
542
333
9
16
542
333
9
16
542
333
9
16
542
333
9
16
542
333
9
16
542
332
9
16
542
332
9
16
542
332
9
16
542
332
9
16
542
332
9
16
542
332
9
16
543
332
9
16
544
333
9
16
544
333
9
16
544
333
9
16
544
333
9
16
543
333
9
16
542
332
9
16
540
329
9
16
540
329
9
16
540
329
9
16
540
329
9
16
540
329
9
16
540
329
9
16
540
329
9
16
540
329
9
16
540
329
9
16
540
329
9
16
540
329
9
16
540
329
9
16
540
329
9
16
540
329
9
16
540
329
9
16
540
329
9
16
540
329
9
16
540
329
9
16
540
329
9
16
540
330
9
16
540
330
9
16
540
330
9
16
540
330
9
16
540
331
9
16
540
331
9
16
540
330
9
16
540
330
9
16
540
330
9
16
540
330
9
16
540
330
9
16
540
330
9
16
540
330
9
16
540
331
9
16
540
332
9
16
540
332
9
16
540
332
9
16
539
332
9
16
539
331
9
16
538
331
9
16
538
331
9
16
538
331
9
16
538
335
9
16
539
335
9
16
539
335
9
16
539
336
9
16
539
336
9
16
539
336
9
16
539
336
9
16
539
336
9
16
539
336
9
16
539
336
9
16
539
336
9
16
539
336
9
16
540
336
9
16
539
336
9
16
539
336
9
16
539
336
9
16
539
336
9
16
539
336
9
16
538
336
9
16
538
336
9
16
538
336
9
16
538
336
9
16
538
336
9
16
538
336
9
16
538
336
9
16
539
337
9
16
537
334
9
16
537
334
9
16
538
334
9
16
538
334
9
16
539
334
9
16
539
334
9
16
539
334
9
16
539
334
9
16
539
334
9
16
538
334
9
16
538
334
9
16
538
334
9
16
538
334
9
16
539
333
9
16
540
333
9
16
540
333
9
16
540
332
9
16
540
333
9
16
541
333
9
16
541
333
9
16
540
333
9
16
539
334
9
16
538
335
9
16
538
335
9
16
538
335
9
16
538
335
9
16
539
335
9
16
539
335
9
16
539
335
9
16
539
335
9
16
539
335
9
16
539
335
9
16
539
335
9
16
539
335
9
16
540
335
9
16
540
335
9
16
540
335
9
16
540
335
9
16
540
334
9
16
540
334
9
16
540
334
9
16
540
334
9
16
540
334
9
16
540
334
9
16
540
333
9
16
540
333
9
16
540
333
9
16
540
334
9
16
539
334
9
16
539
334
9
16
539
334
9
16
540
333
9
16
540
333
9
16
541
333
9
16
541
332
9
16
541
332
9
16
541
332
9
16
541
333
9
16
541
333
9
16
541
333
9
16
541
333
9
16
541
333
9
16
541
332
9
16
541
331
9
16
541
331
9
16
541
331
9
16
541
331
9
16
541
331
9
16
541
331
9
16
541
331
9
16
541
331
9
16
541
331
9
16
541
331
9
16
542
331
9
16
542
331
9
16
543
332
9
16
542
333
9
16
542
333
9
16
543
333
9
16
542
333
9
16
542
332
9
16
542
331
9
16
542
331
9
16
542
331
9
16
543
332
9
16
543
332
9
16
543
332
9
16
543
332
9
16
543
332
9
16
543
332
9
16
543
331
9
16
543
331
9
16
543
331
9
16
543
331
9
16
543
331
9
16
543
332
9
16
543
331
9
16
543
331
9
16
543
331
9
16
543
331
9
16
543
331
9
16
543
331
9
16
543
331
9
16
544
331
9
16
545
331
9
16
545
331
9
16
546
331
9
16
546
331
9
16
546
331
9
16
545
331
9
16
545
331
9
16
545
331
9
16
545
331
9
16
545
331
9
16
545
331
9
16
545
330
9
16
545
330
9
16
543
329
9
16
543
329
9
16
543
329
9
16
543
329
9
16
544
329
9
16
544
329
9
16
544
329
9
16
544
329
9
16
544
328
9
16
544
328
9
16
544
328
9
16
544
328
9
16
543
328
9
16
543
328
9
16
543
328
9
16
543
328
9
16
543
328
9
16
543
328
9
16
543
328
9
16
543
328
9
16
543
328
9
16
543
328
9
16
543
328
9
16
543
328
9
16
546
330
9
16
546
330
9
16
546
330
9
16
546
330
9
16
546
330
9
16
546
330
9
16
547
330
9
16
547
330
9
16
547
331
9
16
547
330
9
16
547
331
9
16
547
329
9
16
547
329
9
16
548
329
9
16
548
329
9
16
548
329
9
16
548
330
9
16
547
330
9
16
546
330
9
16
546
331
9
16
545
331
9
16
544
331
9
16
544
331
9
16
544
331
9
16
544
331
9
16
544
331
9
16
544
331
9
16
544
331
9
16
544
331
9
16
544
331
9
16
544
331
9
16
544
331
9
16
544
331
9
16
544
331
9
16
545
331
9
16
545
331
9
16
545
331
9
16
545
332
9
16
544
332
9
16
544
332
9
16
544
332
9
16
544
333
9
16
544
333
9
16
544
334
9
16
544
334
9
16
