0
319
549
319
9
16
549
319
9
16
549
319
9
16
549
319
9
16
548
319
9
16
548
319
9
16
548
318
9
16
547
318
9
16
546
318
9
16
546
318
9
16
546
318
9
16
546
318
9
16
546
318
9
16
546
318
9
16
546
318
9
16
545
318
9
16
545
318
9
16
545
318
9
16
545
318
9
16
545
318
9
16
546
318
9
16
545
322
9
16
546
322
9
16
546
322
9
16
546
323
9
16
546
323
9
16
546
323
9
16
546
323
9
16
545
323
9
16
545
323
9
16
544
323
9
16
544
323
9
16
544
323
9
16
544
323
9
16
545
321
9
16
545
321
9
16
546
321
9
16
546
321
9
16
546
321
9
16
546
321
9
16
546
321
9
16
546
321
9
16
546
321
9
16
546
321
9
16
546
321
9
16
547
321
9
16
547
321
9
16
547
321
9
16
547
321
9
16
547
321
9
16
547
321
9
16
547
321
9
16
547
321
9
16
547
320
9
16
547
320
9
16
547
320
9
16
547
320
9
16
546
320
9
16
546
320
9
16
547
320
9
16
548
320
9
16
547
324
9
16
547
324
9
16
547
324
9
16
546
324
9
16
546
324
9
16
544
321
9
16
543
321
9
16
543
321
9
16
544
321
9
16
544
321
9
16
544
321
9
16
544
321
9
16
544
321
9
16
544
321
9
16
544
321
9
16
544
321
9
16
544
321
9
16
544
321
9
16
544
321
9
16
544
321
9
16
544
321
9
16
544
321
9
16
544
321
9
16
544
321
9
16
544
321
9
16
544
321
9
16
544
321
9
16
544
321
9
16
544
321
9
16
544
321
9
16
544
321
9
16
544
321
9
16
544
321
9
16
544
321
9
16
544
321
9
16
544
321
9
16
544
319
9
16
544
319
9
16
544
319
9
16
544
319
9
16
544
319
9
16
544
319
9
16
544
319
9
16
543
319
9
16
543
319
9
16
543
319
9
16
542
326
9
16
543
326
9
16
543
327
9
16
543
327
9
16
543
327
9
16
543
327
9
16
543
327
9
16
543
327
9
16
543
327
9
16
543
327
9
16
543
327
9
16
543
327
9
16
543
327
9
16
542
327
9
16
542
327
9
16
541
327
9
16
541
327
9
16
540
327
9
16
540
327
9
16
544
327
9
16
544
327
9
16
544
327
9
16
543
326
9
16
544
326
9
16
544
326
9
16
544
326
9
16
544
326
9
16
544
326
9
16
544
326
9
16
545
326
9
16
546
325
9
16
546
325
9
16
546
324
9
16
546
324
9
16
546
324
9
16
545
324
9
16
545
324
9
16
545
324
9
16
545
324
9
16
546
324
9
16
546
324
9
16
546
324
9
16
546
324
9
16
546
324
9
16
547
324
9
16
546
324
9
16
546
324
9
16
545
325
9
16
545
325
9
16
545
324
9
16
545
324
9
16
545
324
9
16
546
324
9
16
546
324
9
16
547
324
9
16
547
324
9
16
547
324
9
16
547
324
9
16
547
324
9
16
547
324
9
16
546
326
9
16
546
326
9
16
546
326
9
16
546
326
9
16
546
326
9
16
546
326
9
16
546
326
9
16
546
326
9
16
546
326
9
16
546
326
9
16
546
326
9
16
546
326
9
16
546
325
9
16
546
327
9
16
545
327
9
16
545
327
9
16
545
327
9
16
545
324
9
16
545
324
9
16
546
324
9
16
546
324
9
16
546
324
9
16
546
324
9
16
546
325
9
16
546
326
9
16
546
326
9
16
547
325
9
16
547
325
9
16
547
325
9
16
547
325
9
16
547
325
9
16
547
325
9
16
547
325
9
16
547
325
9
16
546
325
9
16
546
325
9
16
547
322
9
16
547
322
9
16
547
322
9
16
548
322
9
16
548
322
9
16
548
323
9
16
548
323
9
16
548
323
9
16
548
323
9
16
548
323
9
16
548
322
9
16
548
322
9
16
548
322
9
16
548
322
9
16
548
322
9
16
549
322
9
16
549
322
9
16
549
322
9
16
549
322
9
16
549
322
9
16
549
321
9
16
549
320
9
16
549
320
9
16
549
320
9
16
549
320
9
16
549
320
9
16
549
320
9
16
549
320
9
16
549
320
9
16
549
320
9
16
549
320
9
16
549
320
9
16
549
320
9
16
549
320
9
16
550
321
9
16
550
321
9
16
551
322
9
16
551
322
9
16
551
322
9
16
550
320
9
16
550
320
9
16
550
320
9
16
550
321
9
16
550
321
9
16
550
321
9
16
550
321
9
16
550
321
9
16
549
321
9
16
549
321
9
16
549
321
9
16
549
321
9
16
550
321
9
16
551
321
9
16
552
321
9
16
552
321
9
16
552
320
9
16
552
321
9
16
553
318
9
16
550
319
9
16
550
319
9
16
549
319
9
16
549
319
9
16
549
319
9
16
549
319
9
16
549
319
9
16
549
319
9
16
549
319
9
16
549
319
9
16
549
320
9
16
549
320
9
16
549
321
9
16
551
320
9
16
551
320
9
16
552
320
9
16
551
319
9
16
551
319
9
16
551
319
9
16
552
319
9
16
552
319
9
16
550
320
9
16
551
320
9
16
552
321
9
16
552
321
9
16
552
321
9
16
553
321
9
16
553
321
9
16
553
321
9
16
552
321
9
16
552
321
9
16
552
321
9
16
552
321
9
16
552
321
9
16
552
321
9
16
552
321
9
16
552
321
9
16
552
321
9
16
552
321
9
16
552
321
9
16
552
321
9
16
552
321
9
16
552
321
9
16
552
321
9
16
553
321
9
16
553
321
9
16
553
321
9
16
554
321
9
16
554
321
9
16
554
321
9
16
554
321
9
16
554
321
9
16
554
321
9
16
554
321
9
16
554
321
9
16
554
321
9
16
554
321
9
16
554
321
9
16
