0
319
413
271
9
16
414
271
9
16
414
271
9
16
414
270
9
16
413
270
9
16
413
270
9
16
413
270
9
16
412
270
9
16
412
270
9
16
412
270
9
16
412
270
9
16
412
270
9
16
413
270
9
16
414
270
9
16
414
270
9
16
413
270
9
16
413
270
9
16
413
270
9
16
413
270
9
16
412
271
9
16
413
270
9
16
414
270
9
16
415
270
9
16
415
270
9
16
416
270
9
16
416
270
9
16
416
270
9
16
416
270
9
16
416
270
9
16
416
270
9
16
416
270
9
16
416
270
9
16
416
270
9
16
417
270
9
16
418
270
9
16
418
270
9
16
419
270
9
16
420
270
9
16
420
270
9
16
420
270
9
16
420
270
9
16
420
270
9
16
420
270
9
16
421
269
9
16
421
269
9
16
421
269
9
16
421
269
9
16
421
269
9
16
421
269
9
16
421
269
9
16
421
269
9
16
421
269
9
16
421
269
9
16
422
268
9
16
422
268
9
16
422
268
9
16
422
268
9
16
422
268
9
16
422
268
9
16
423
268
9
16
428
265
9
16
429
265
9
16
429
265
9
16
427
263
9
16
426
263
9
16
426
262
9
16
426
262
9
16
426
262
9
16
426
262
9
16
427
262
9
16
427
262
9
16
427
262
9
16
427
262
9
16
427
262
9
16
427
262
9
16
427
262
9
16
427
262
9
16
427
262
9
16
427
262
9
16
427
262
9
16
427
262
9
16
427
262
9
16
427
262
9
16
427
262
9
16
427
262
9
16
427
262
9
16
427
262
9
16
428
262
9
16
428
261
9
16
428
261
9
16
429
261
9
16
429
261
9
16
430
261
9
16
430
261
9
16
433
263
9
16
434
263
9
16
434
263
9
16
434
263
9
16
434
263
9
16
434
263
9
16
435
263
9
16
435
263
9
16
435
263
9
16
435
263
9
16
435
263
9
16
435
263
9
16
435
263
9
16
435
263
9
16
436
263
9
16
436
263
9
16
437
263
9
16
437
263
9
16
437
263
9
16
437
263
9
16
437
263
9
16
437
263
9
16
438
263
9
16
438
263
9
16
438
263
9
16
439
263
9
16
438
263
9
16
439
263
9
16
439
263
9
16
439
263
9
16
439
263
9
16
439
263
9
16
439
264
9
16
439
264
9
16
439
264
9
16
439
264
9
16
440
264
9
16
440
264
9
16
440
264
9
16
440
264
9
16
440
264
9
16
442
263
9
16
443
263
9
16
444
262
9
16
445
262
9
16
445
262
9
16
445
262
9
16
445
262
9
16
445
262
9
16
445
262
9
16
445
262
9
16
445
262
9
16
447
261
9
16
448
261
9
16
448
261
9
16
449
260
9
16
449
260
9
16
449
260
9
16
449
260
9
16
448
260
9
16
448
260
9
16
448
260
9
16
448
259
9
16
448
259
9
16
449
259
9
16
450
259
9
16
450
259
9
16
451
259
9
16
452
259
9
16
452
259
9
16
452
259
9
16
452
259
9
16
452
258
9
16
453
258
9
16
453
258
9
16
453
258
9
16
453
258
9
16
453
258
9
16
453
258
9
16
453
259
9
16
453
259
9
16
453
259
9
16
455
257
9
16
455
256
9
16
455
256
9
16
455
256
9
16
455
257
9
16
455
257
9
16
456
256
9
16
456
256
9
16
457
255
9
16
457
252
9
16
458
252
9
16
459
252
9
16
459
252
9
16
460
252
9
16
460
252
9
16
460
252
9
16
460
252
9
16
460
252
9
16
460
252
9
16
460
252
9
16
461
252
9
16
461
252
9
16
462
251
9
16
463
251
9
16
463
251
9
16
463
251
9
16
463
251
9
16
463
251
9
16
467
247
9
16
467
247
9
16
468
246
9
16
468
246
9
16
469
246
9
16
469
246
9
16
469
246
9
16
470
246
9
16
470
245
9
16
471
244
9
16
472
244
9
16
472
244
9
16
472
244
9
16
472
244
9
16
473
244
9
16
473
244
9
16
474
244
9
16
474
244
9
16
474
244
9
16
475
242
9
16
475
242
9
16
475
242
9
16
475
242
9
16
475
242
9
16
475
242
9
16
476
242
9
16
477
241
9
16
477
241
9
16
477
241
9
16
477
241
9
16
477
241
9
16
478
241
9
16
479
240
9
16
480
240
9
16
480
240
9
16
482
240
9
16
482
240
9
16
483
240
9
16
483
240
9
16
484
240
9
16
484
240
9
16
484
239
9
16
484
239
9
16
484
239
9
16
485
238
9
16
485
238
9
16
484
237
9
16
484
237
9
16
484
237
9
16
484
237
9
16
486
237
9
16
487
237
9
16
488
237
9
16
488
237
9
16
488
236
9
16
488
236
9
16
488
236
9
16
488
236
9
16
488
236
9
16
488
236
9
16
488
236
9
16
488
236
9
16
489
236
9
16
490
236
9
16
491
237
9
16
491
237
9
16
491
237
9
16
491
237
9
16
491
237
9
16
491
235
9
16
492
235
9
16
492
235
9
16
493
234
9
16
493
234
9
16
493
234
9
16
494
234
9
16
494
234
9
16
494
234
9
16
494
234
9
16
496
234
9
16
497
234
9
16
497
234
9
16
503
233
9
16
504
232
9
16
504
232
9
16
505
232
9
16
504
232
9
16
504
232
9
16
504
232
9
16
504
232
9
16
504
232
9
16
504
232
9
16
505
232
9
16
506
232
9
16
507
232
9
16
508
232
9
16
508
232
9
16
508
232
9
16
508
232
9
16
508
232
9
16
508
232
9
16
508
232
9
16
508
231
9
16
508
231
9
16
509
231
9
16
509
231
9
16
509
231
9
16
509
231
9
16
509
231
9
16
509
231
9
16
509
231
9
16
509
231
9
16
509
231
9
16
510
231
9
16
510
231
9
16
