60
259
499
242
9
16
501
240
9
16
503
240
9
16
501
241
9
16
502
238
9
16
501
238
9
16
500
238
9
16
500
238
9
16
500
238
9
16
500
240
9
16
500
240
9
16
500
240
9
16
500
240
9
16
500
240
9
16
497
240
9
16
497
240
9
16
497
240
9
16
496
240
9
16
496
240
9
16
496
240
9
16
496
240
9
16
496
240
9
16
496
240
9
16
496
240
9
16
496
240
9
16
496
240
9
16
496
240
9
16
496
240
9
16
496
240
9
16
496
240
9
16
496
240
9
16
495
239
9
16
495
240
9
16
495
240
9
16
495
240
9
16
495
240
9
16
495
240
9
16
495
240
9
16
494
241
9
16
490
248
9
16
490
247
9
16
490
246
9
16
490
246
9
16
490
245
9
16
489
245
9
16
489
245
9
16
489
245
9
16
489
246
9
16
490
246
9
16
490
245
9
16
490
245
9
16
490
245
9
16
490
244
9
16
490
244
9
16
490
244
9
16
490
244
9
16
490
244
9
16
490
244
9
16
487
248
9
16
487
248
9
16
487
248
9
16
487
248
9
16
487
248
9
16
487
248
9
16
486
248
9
16
486
248
9
16
486
248
9
16
486
248
9
16
486
248
9
16
485
248
9
16
485
249
9
16
485
249
9
16
485
249
9
16
485
249
9
16
485
249
9
16
485
249
9
16
485
249
9
16
485
249
9
16
485
249
9
16
485
249
9
16
485
249
9
16
485
249
9
16
484
249
9
16
484
249
9
16
480
252
9
16
480
252
9
16
481
252
9
16
481
251
9
16
480
251
9
16
480
251
9
16
479
251
9
16
479
251
9
16
478
251
9
16
477
252
9
16
477
253
9
16
476
253
9
16
476
254
9
16
476
254
9
16
476
254
9
16
476
254
9
16
476
254
9
16
476
254
9
16
476
254
9
16
476
254
9
16
476
254
9
16
476
254
9
16
476
254
9
16
476
254
9
16
475
254
9
16
475
254
9
16
475
254
9
16
474
254
9
16
473
256
9
16
476
260
9
16
476
259
9
16
476
260
9
16
476
260
9
16
476
260
9
16
476
260
9
16
476
260
9
16
476
262
9
16
474
260
9
16
474
260
9
16
474
260
9
16
475
260
9
16
473
261
9
16
473
261
9
16
473
261
9
16
473
262
9
16
473
264
9
16
472
265
9
16
472
266
9
16
472
267
9
16
471
267
9
16
471
266
9
16
471
266
9
16
471
266
9
16
471
266
9
16
469
264
9
16
469
264
9
16
469
263
9
16
468
263
9
16
467
263
9
16
467
263
9
16
467
263
9
16
466
263
9
16
466
263
9
16
466
263
9
16
466
263
9
16
465
265
9
16
465
265
9
16
465
265
9
16
464
265
9
16
464
263
9
16
464
263
9
16
462
265
9
16
462
265
9
16
462
266
9
16
462
266
9
16
461
265
9
16
461
265
9
16
461
266
9
16
460
265
9
16
460
265
9
16
459
264
9
16
459
264
9
16
458
264
9
16
458
265
9
16
457
265
9
16
457
266
9
16
457
266
9
16
456
266
9
16
456
266
9
16
455
266
9
16
453
267
9
16
453
267
9
16
453
267
9
16
453
267
9
16
452
267
9
16
452
267
9
16
451
267
9
16
451
267
9
16
450
269
9
16
450
269
9
16
449
269
9
16
448
270
9
16
447
270
9
16
446
270
9
16
446
271
9
16
445
271
9
16
444
271
9
16
443
271
9
16
442
271
9
16
441
271
9
16
442
271
9
16
443
270
9
16
442
270
9
16
442
270
9
16
442
270
9
16
438
269
9
16
437
269
9
16
436
269
9
16
435
269
9
16
433
269
9
16
432
269
9
16
431
269
9
16
430
268
9
16
429
268
9
16
429
268
9
16
428
268
9
16
427
268
9
16
432
271
9
16
430
270
9
16
429
270
9
16
428
270
9
16
427
270
9
16
427
270
9
16
426
269
9
16
426
269
9
16
426
269
9
16
425
268
9
16
424
268
9
16
423
268
9
16
423
268
9
16
423
268
9
16
422
268
9
16
421
268
9
16
421
268
9
16
420
268
9
16
419
268
9
16
417
268
9
16
416
268
9
16
415
268
9
16
414
269
9
16
413
269
9
16
412
269
9
16
411
269
9
16
411
269
9
16
411
269
9
16
411
269
9
16
411
269
9
16
410
269
9
16
409
269
9
16
409
269
9
16
408
270
9
16
408
270
9
16
408
270
9
16
407
270
9
16
407
270
9
16
407
271
9
16
408
273
9
16
408
273
9
16
407
274
9
16
406
274
9
16
406
274
9
16
406
274
9
16
406
274
9
16
405
274
9
16
405
274
9
16
