222
97
510
229
9
16
510
228
9
16
509
228
9
16
509
228
9
16
509
228
9
16
509
228
9
16
509
228
9
16
509
228
9
16
508
229
9
16
508
229
9
16
508
229
9
16
508
229
9
16
508
229
9
16
509
229
9
16
509
229
9
16
510
229
9
16
510
229
9
16
511
229
9
16
511
230
9
16
511
230
9
16
511
230
9
16
512
230
9
16
512
230
9
16
512
230
9
16
512
230
9
16
512
230
9
16
513
230
9
16
513
230
9
16
511
230
9
16
512
230
9
16
512
230
9
16
512
230
9
16
513
230
9
16
513
230
9
16
514
231
9
16
515
231
9
16
515
225
9
16
515
225
9
16
513
224
9
16
512
224
9
16
511
224
9
16
510
224
9
16
510
224
9
16
510
224
9
16
510
224
9
16
510
224
9
16
511
224
9
16
511
224
9
16
510
224
9
16
514
224
9
16
514
224
9
16
514
224
9
16
513
224
9
16
513
224
9
16
513
224
9
16
513
224
9
16
513
224
9
16
513
224
9
16
513
224
9
16
512
224
9
16
512
226
9
16
513
226
9
16
513
226
9
16
513
226
9
16
513
226
9
16
513
226
9
16
512
226
9
16
512
226
9
16
511
226
9
16
510
226
9
16
509
226
9
16
509
226
9
16
509
226
9
16
508
228
9
16
508
228
9
16
506
229
9
16
507
229
9
16
508
229
9
16
508
229
9
16
508
229
9
16
508
229
9
16
508
229
9
16
508
229
9
16
508
229
9
16
508
229
9
16
508
229
9
16
509
229
9
16
509
229
9
16
509
229
9
16
509
229
9
16
509
229
9
16
509
229
9
16
509
229
9
16
509
229
9
16
509
229
9
16
510
229
9
16
510
229
9
16
