0
340
238
375
12
28
240
375
12
28
241
375
12
28
243
375
12
28
245
374
12
28
246
373
12
28
248
375
12
28
249
376
12
28
250
376
12
28
251
376
12
28
252
376
12
28
253
376
12
28
254
375
12
28
255
374
12
28
256
375
12
28
257
374
12
28
258
372
12
28
258
374
12
28
260
374
12
28
262
373
12
28
263
373
12
28
265
371
12
28
267
371
12
28
269
369
12
28
271
369
12
28
274
369
12
28
276
366
12
28
278
364
12
28
278
361
12
28
277
359
12
28
275
358
12
28
273
356
12
28
270
356
12
28
263
354
12
28
260
354
12
28
259
353
12
28
261
353
12
28
267
352
12
28
272
351
12
28
282
348
12
28
287
349
12
28
290
349
12
28
292
348
12
28
293
348
12
28
292
348
12
28
292
348
12
28
292
347
12
28
291
347
12
28
290
345
12
28
288
345
12
28
287
343
12
28
286
343
12
28
285
342
12
28
285
342
12
28
285
342
12
28
285
342
12
28
285
342
12
28
285
341
12
28
285
341
12
28
285
341
12
28
285
341
12
28
285
342
12
28
285
342
12
28
285
342
12
28
285
341
12
28
285
341
12
28
285
340
12
28
286
338
12
28
286
338
12
28
286
338
12
28
286
338
12
28
286
338
12
28
286
338
12
28
285
338
12
28
285
338
12
28
285
338
12
28
286
337
12
28
285
337
12
28
284
336
12
28
283
336
12
28
282
336
12
28
282
335
12
28
282
335
12
28
283
335
12
28
284
335
12
28
285
335
12
28
286
335
12
28
286
335
12
28
291
332
12
28
290
332
12
28
290
331
12
28
288
331
12
28
287
330
12
28
285
329
12
28
284
329
12
28
283
329
12
28
284
329
12
28
285
329
12
28
285
329
12
28
285
327
12
28
284
326
12
28
283
326
12
28
282
326
12
28
282
326
12
28
282
325
12
28
282
326
12
28
281
325
12
28
280
325
12
28
278
324
12
28
275
324
12
28
275
323
12
28
276
323
12
28
279
323
12
28
282
323
12
28
288
321
12
28
290
321
12
28
294
318
12
28
294
315
12
28
296
315
12
28
296
315
12
28
295
315
12
28
294
313
12
28
293
313
12
28
291
311
12
28
290
309
12
28
290
309
12
28
290
309
12
28
290
309
12
28
289
309
12
28
289
309
12
28
289
309
12
28
290
309
12
28
292
310
12
28
292
310
12
28
293
310
12
28
293
310
12
28
294
310
12
28
294
309
12
28
293
309
12
28
293
309
12
28
292
309
12
28
292
308
12
28
291
308
12
28
291
308
12
28
291
308
12
28
291
308
12
28
290
310
12
28
290
309
12
28
290
309
12
28
290
310
12
28
290
310
12
28
290
309
12
28
291
309
12
28
291
308
12
28
291
309
12
28
290
309
12
28
290
309
12
28
293
308
12
28
294
308
12
28
294
308
12
28
294
307
12
28
294
307
12
28
293
307
12
28
293
306
12
28
291
306
12
28
291
306
12
28
291
306
12
28
291
306
12
28
291
306
12
28
291
306
12
28
291
306
12
28
291
306
12
28
291
305
12
28
291
305
12
28
290
305
12
28
290
305
12
28
289
305
12
28
289
305
12
28
290
305
12
28
291
305
12
28
292
305
12
28
292
305
12
28
292
305
12
28
293
305
12
28
293
305
12
28
293
305
12
28
292
305
12
28
290
306
12
28
290
306
12
28
289
306
12
28
289
305
12
28
288
304
12
28
289
304
12
28
289
304
12
28
289
304
12
28
290
303
12
28
290
304
12
28
290
304
12
28
294
304
12
28
294
304
12
28
294
304
12
28
292
304
12
28
292
304
12
28
292
304
12
28
293
304
12
28
293
305
12
28
293
305
12
28
293
305
12
28
293
305
12
28
293
305
12
28
293
305
12
28
293
305
12
28
293
305
12
28
293
305
12
28
293
306
12
28
292
307
12
28
291
307
12
28
290
308
12
28
289
306
12
28
289
306
12
28
290
306
12
28
290
306
12
28
290
305
12
28
290
304
12
28
290
303
12
28
290
304
12
28
290
304
12
28
290
304
12
28
290
304
12
28
290
304
12
28
290
304
12
28
290
304
12
28
289
304
12
28
289
303
12
28
289
303
12
28
289
303
12
28
289
302
12
28
289
302
12
28
289
302
12
28
290
298
12
28
289
299
12
28
289
299
12
28
289
299
12
28
289
298
12
28
289
299
12
28
288
299
12
28
287
299
12
28
287
299
12
28
287
299
12
28
288
298
12
28
288
298
12
28
288
297
12
28
289
297
12
28
289
297
12
28
290
296
12
28
290
296
12
28
290
296
12
28
290
296
12
28
289
296
12
28
289
295
12
28
288
295
12
28
288
295
12
28
287
295
12
28
286
295
12
28
285
295
12
28
285
295
12
28
284
295
12
28
285
294
12
28
285
294
12
28
285
294
12
28
285
294
12
28
286
294
12
28
286
294
12
28
287
294
12
28
286
295
12
28
286
295
12
28
286
295
12
28
286
295
12
28
286
295
12
28
287
295
12
28
292
295
12
28
292
295
12
28
293
295
12
28
292
295
12
28
291
297
12
28
290
295
12
28
290
296
12
28
289
296
12
28
289
296
12
28
289
296
12
28
289
296
12
28
289
297
12
28
289
298
12
28
289
297
12
28
289
297
12
28
289
297
12
28
289
297
12
28
289
295
12
28
289
295
12
28
289
295
12
28
290
295
12
28
290
295
12
28
291
296
12
28
291
296
12
28
291
296
12
28
291
296
12
28
290
295
12
28
289
295
12
28
288
295
12
28
287
295
12
28
287
295
12
28
287
295
12
28
288
295
12
28
289
296
12
28
289
297
12
28
289
297
12
28
289
297
12
28
289
297
12
28
289
297
12
28
288
296
12
28
288
297
12
28
290
294
12
28
290
294
12
28
291
294
12
28
291
294
12
28
290
295
12
28
290
295
12
28
289
295
12
28
290
295
12
28
289
295
12
28
289
295
12
28
289
296
12
28
289
296
12
28
289
296
12
28
288
295
12
28
289
296
12
28
288
295
12
28
287
295
12
28
285
293
12
28
283
291
12
28
