0
340
324
315
12
28
325
317
12
28
326
319
12
28
327
319
12
28
329
319
12
28
330
320
12
28
331
321
12
28
332
322
12
28
333
323
12
28
334
322
12
28
335
323
12
28
336
323
12
28
336
324
12
28
336
324
12
28
337
325
12
28
337
325
12
28
337
327
12
28
337
327
12
28
339
327
12
28
341
327
12
28
342
327
12
28
343
328
12
28
344
328
12
28
345
328
12
28
347
328
12
28
353
326
12
28
355
324
12
28
357
322
12
28
358
320
12
28
357
318
12
28
355
317
12
28
352
317
12
28
349
317
12
28
342
315
12
28
339
315
12
28
338
314
12
28
340
314
12
28
343
315
12
28
349
314
12
28
347
316
12
28
363
316
12
28
366
316
12
28
367
316
12
28
368
316
12
28
367
315
12
28
366
315
12
28
366
315
12
28
365
315
12
28
364
315
12
28
362
315
12
28
361
314
12
28
360
314
12
28
359
314
12
28
358
314
12
28
358
314
12
28
358
314
12
28
358
314
12
28
358
314
12
28
358
314
12
28
358
314
12
28
358
314
12
28
358
314
12
28
358
314
12
28
357
314
12
28
357
314
12
28
357
314
12
28
357
314
12
28
357
313
12
28
357
313
12
28
357
314
12
28
357
314
12
28
359
313
12
28
359
313
12
28
358
313
12
28
358
313
12
28
358
313
12
28
358
313
12
28
357
313
12
28
356
313
12
28
355
313
12
28
354
313
12
28
354
313
12
28
354
313
12
28
355
313
12
28
356
313
12
28
357
313
12
28
358
314
12
28
359
314
12
28
359
314
12
28
358
313
12
28
357
313
12
28
355
312
12
28
353
311
12
28
351
311
12
28
350
311
12
28
349
312
12
28
349
312
12
28
350
312
12
28
350
312
12
28
350
312
12
28
348
311
12
28
347
311
12
28
345
311
12
28
345
311
12
28
345
311
12
28
345
312
12
28
344
312
12
28
342
312
12
28
340
312
12
28
337
312
12
28
337
311
12
28
337
311
12
28
339
312
12
28
342
312
12
28
340
314
12
28
350
314
12
28
353
314
12
28
355
314
12
28
357
314
12
28
357
314
12
28
356
314
12
28
355
314
12
28
354
314
12
28
356
312
12
28
355
312
12
28
354
312
12
28
353
313
12
28
353
312
12
28
353
313
12
28
353
313
12
28
353
311
12
28
352
308
12
28
354
308
12
28
355
308
12
28
356
308
12
28
357
309
12
28
358
309
12
28
358
309
12
28
357
309
12
28
357
309
12
28
356
309
12
28
355
309
12
28
354
309
12
28
353
310
12
28
352
311
12
28
352
310
12
28
351
310
12
28
351
310
12
28
351
310
12
28
351
311
12
28
351
311
12
28
351
310
12
28
351
310
12
28
351
310
12
28
351
310
12
28
350
310
12
28
350
310
12
28
350
310
12
28
351
310
12
28
351
310
12
28
352
309
12
28
352
309
12
28
351
309
12
28
350
309
12
28
349
309
12
28
349
310
12
28
349
310
12
28
349
310
12
28
349
310
12
28
349
310
12
28
349
310
12
28
349
310
12
28
351
310
12
28
351
310
12
28
350
310
12
28
350
310
12
28
349
310
12
28
349
310
12
28
350
310
12
28
351
310
12
28
351
310
12
28
352
310
12
28
353
310
12
28
353
310
12
28
353
310
12
28
353
310
12
28
353
310
12
28
351
310
12
28
350
310
12
28
350
310
12
28
350
309
12
28
349
309
12
28
349
309
12
28
348
309
12
28
348
309
12
28
348
309
12
28
349
310
12
28
349
310
12
28
349
310
12
28
348
310
12
28
348
310
12
28
347
310
12
28
347
310
12
28
347
310
12
28
348
310
12
28
348
310
12
28
348
310
12
28
349
310
12
28
349
310
12
28
348
310
12
28
348
310
12
28
348
310
12
28
348
310
12
28
352
308
12
28
352
308
12
28
351
308
12
28
351
308
12
28
350
308
12
28
349
308
12
28
349
309
12
28
350
309
12
28
350
309
12
28
350
309
12
28
350
309
12
28
350
309
12
28
351
309
12
28
351
309
12
28
351
309
12
28
351
310
12
28
349
309
12
28
349
309
12
28
349
309
12
28
349
309
12
28
349
309
12
28
349
309
12
28
349
309
12
28
350
308
12
28
349
308
12
28
349
308
12
28
348
308
12
28
347
308
12
28
347
308
12
28
347
308
12
28
347
308
12
28
347
308
12
28
347
308
12
28
346
308
12
28
346
308
12
28
346
308
12
28
347
308
12
28
346
309
12
28
346
309
12
28
347
309
12
28
347
309
12
28
348
309
12
28
348
309
12
28
348
309
12
28
348
309
12
28
347
309
12
28
347
309
12
28
347
309
12
28
347
309
12
28
346
309
12
28
345
309
12
28
344
309
12
28
344
309
12
28
343
309
12
28
344
308
12
28
344
308
12
28
344
307
12
28
343
307
12
28
344
307
12
28
344
308
12
28
345
308
12
28
344
308
12
28
344
308
12
28
344
308
12
28
344
308
12
28
344
308
12
28
345
308
12
28
344
308
12
28
344
308
12
28
344
308
12
28
344
309
12
28
343
309
12
28
342
309
12
28
342
309
12
28
341
309
12
28
341
309
12
28
341
309
12
28
341
309
12
28
342
309
12
28
343
309
12
28
343
309
12
28
343
309
12
28
343
309
12
28
342
309
12
28
342
309
12
28
342
309
12
28
342
309
12
28
343
309
12
28
343
309
12
28
344
310
12
28
344
311
12
28
344
311
12
28
344
311
12
28
343
311
12
28
342
311
12
28
341
311
12
28
340
310
12
28
340
310
12
28
340
310
12
28
341
310
12
28
341
311
12
28
342
311
12
28
342
311
12
28
342
311
12
28
342
311
12
28
342
311
12
28
341
311
12
28
341
311
12
28
342
311
12
28
342
311
12
28
342
311
12
28
342
311
12
28
342
311
12
28
342
311
12
28
342
311
12
28
343
311
12
28
343
311
12
28
343
311
12
28
342
311
12
28
342
311
12
28
342
311
12
28
341
311
12
28
341
311
12
28
340
311
12
28
339
311
12
28
337
311
12
28
335
309
12
28
