0
340
334
297
12
28
335
299
12
28
337
299
12
28
339
299
12
28
341
299
12
28
342
299
12
28
344
299
12
28
345
299
12
28
346
299
12
28
347
299
12
28
348
299
12
28
349
299
12
28
349
300
12
28
349
301
12
28
350
301
12
28
350
301
12
28
351
301
12
28
351
302
12
28
353
302
12
28
355
302
12
28
356
302
12
28
357
303
12
28
358
302
12
28
359
303
12
28
361
303
12
28
363
301
12
28
365
299
12
28
367
297
12
28
367
294
12
28
369
292
12
28
367
290
12
28
364
290
12
28
361
290
12
28
354
293
12
28
351
293
12
28
350
293
12
28
352
293
12
28
352
294
12
28
360
294
12
28
366
290
12
28
372
291
12
28
375
291
12
28
377
292
12
28
378
292
12
28
377
292
12
28
377
293
12
28
377
293
12
28
376
293
12
28
375
292
12
28
373
292
12
28
372
291
12
28
371
291
12
28
370
291
12
28
370
291
12
28
370
290
12
28
370
290
12
28
370
290
12
28
370
290
12
28
370
290
12
28
370
290
12
28
370
290
12
28
370
290
12
28
370
290
12
28
370
290
12
28
370
290
12
28
370
290
12
28
370
290
12
28
370
290
12
28
370
290
12
28
370
291
12
28
370
291
12
28
370
291
12
28
370
290
12
28
369
290
12
28
369
290
12
28
369
290
12
28
368
291
12
28
367
291
12
28
366
291
12
28
365
291
12
28
364
291
12
28
366
290
12
28
366
290
12
28
367
290
12
28
368
290
12
28
369
290
12
28
370
291
12
28
370
292
12
28
370
292
12
28
369
292
12
28
368
292
12
28
366
291
12
28
364
290
12
28
362
290
12
28
361
289
12
28
360
290
12
28
360
290
12
28
361
290
12
28
361
290
12
28
360
290
12
28
359
290
12
28
358
290
12
28
356
290
12
28
356
290
12
28
356
290
12
28
356
291
12
28
356
291
12
28
354
291
12
28
352
291
12
28
349
291
12
28
349
291
12
28
349
291
12
28
352
291
12
28
355
291
12
28
360
289
12
28
363
289
12
28
366
289
12
28
368
289
12
28
370
288
12
28
370
288
12
28
369
288
12
28
368
289
12
28
367
289
12
28
366
289
12
28
365
288
12
28
365
288
12
28
365
288
12
28
365
289
12
28
365
288
12
28
365
288
12
28
366
288
12
28
367
288
12
28
369
288
12
28
369
288
12
28
370
288
12
28
370
288
12
28
371
288
12
28
371
288
12
28
371
288
12
28
371
288
12
28
370
288
12
28
370
287
12
28
369
287
12
28
368
287
12
28
368
288
12
28
368
288
12
28
367
288
12
28
367
285
12
28
367
285
12
28
367
285
12
28
367
285
12
28
367
284
12
28
367
284
12
28
367
284
12
28
367
284
12
28
366
296
12
28
366
296
12
28
366
296
12
28
367
296
12
28
368
296
12
28
368
296
12
28
368
296
12
28
368
296
12
28
367
296
12
28
366
296
12
28
366
296
12
28
366
296
12
28
366
296
12
28
366
296
12
28
366
296
12
28
366
296
12
28
366
297
12
28
366
297
12
28
366
297
12
28
365
297
12
28
365
297
12
28
365
297
12
28
365
297
12
28
365
297
12
28
366
297
12
28
367
297
12
28
368
297
12
28
368
297
12
28
368
298
12
28
368
298
12
28
368
298
12
28
367
298
12
28
366
298
12
28
366
298
12
28
366
298
12
28
366
298
12
28
365
297
12
28
366
297
12
28
365
297
12
28
366
297
12
28
367
296
12
28
367
293
12
28
367
293
12
28
367
294
12
28
366
294
12
28
366
294
12
28
365
294
12
28
365
294
12
28
365
294
12
28
366
294
12
28
366
295
12
28
366
295
12
28
366
295
12
28
366
295
12
28
366
295
12
28
366
295
12
28
366
295
12
28
366
295
12
28
366
295
12
28
366
295
12
28
366
295
12
28
366
295
12
28
365
295
12
28
364
295
12
28
364
295
12
28
365
295
12
28
365
295
12
28
365
295
12
28
365
295
12
28
365
295
12
28
366
295
12
28
366
295
12
28
366
295
12
28
366
296
12
28
366
296
12
28
366
296
12
28
366
296
12
28
366
297
12
28
366
297
12
28
366
297
12
28
366
297
12
28
367
297
12
28
366
290
12
28
366
291
12
28
365
291
12
28
364
291
12
28
364
291
12
28
364
291
12
28
364
291
12
28
364
291
12
28
364
292
12
28
364
292
12
28
364
292
12
28
364
292
12
28
364
292
12
28
364
292
12
28
365
292
12
28
366
291
12
28
366
291
12
28
367
291
12
28
367
291
12
28
367
291
12
28
366
291
12
28
366
291
12
28
366
291
12
28
366
291
12
28
366
291
12
28
365
291
12
28
364
291
12
28
364
291
12
28
364
291
12
28
363
292
12
28
364
291
12
28
364
291
12
28
364
290
12
28
364
290
12
28
365
290
12
28
365
291
12
28
366
290
12
28
365
290
12
28
366
288
12
28
366
287
12
28
366
287
12
28
364
288
12
28
365
288
12
28
365
288
12
28
365
288
12
28
365
288
12
28
365
288
12
28
364
289
12
28
363
289
12
28
363
289
12
28
362
288
12
28
362
288
12
28
362
288
12
28
362
288
12
28
362
288
12
28
362
288
12
28
363
288
12
28
363
288
12
28
363
288
12
28
362
287
12
28
362
287
12
28
362
287
12
28
362
287
12
28
363
287
12
28
363
288
12
28
364
288
12
28
364
289
12
28
364
289
12
28
364
289
12
28
363
289
12
28
362
288
12
28
361
287
12
28
360
286
12
28
360
286
12
28
360
286
12
28
360
288
12
28
360
287
12
28
360
287
12
28
360
286
12
28
360
286
12
28
360
286
12
28
360
286
12
28
359
290
12
28
359
290
12
28
359
290
12
28
359
287
12
28
359
287
12
28
359
287
12
28
358
287
12
28
358
287
12
28
358
287
12
28
359
287
12
28
359
287
12
28
359
287
12
28
358
287
12
28
358
287
12
28
358
287
12
28
357
287
12
28
357
287
12
28
356
287
12
28
355
287
12
28
353
287
12
28
351
285
12
28
