0
340
256
311
12
28
257
311
12
28
259
311
12
28
261
311
12
28
262
311
12
28
264
312
12
28
265
312
12
28
266
313
12
28
267
313
12
28
268
313
12
28
269
313
12
28
269
313
12
28
269
313
12
28
269
313
12
28
270
314
12
28
270
314
12
28
271
315
12
28
271
315
12
28
272
315
12
28
274
316
12
28
275
316
12
28
276
317
12
28
278
316
12
28
279
317
12
28
282
317
12
28
284
315
12
28
286
313
12
28
288
311
12
28
289
309
12
28
289
306
12
28
287
305
12
28
284
307
12
28
281
307
12
28
271
308
12
28
269
307
12
28
268
307
12
28
269
307
12
28
271
307
12
28
281
304
12
28
289
305
12
28
295
304
12
28
298
304
12
28
299
304
12
28
300
305
12
28
300
305
12
28
300
305
12
28
300
305
12
28
298
305
12
28
297
305
12
28
292
306
12
28
291
306
12
28
290
306
12
28
289
306
12
28
288
306
12
28
288
307
12
28
288
307
12
28
288
307
12
28
288
307
12
28
288
307
12
28
288
307
12
28
288
307
12
28
288
307
12
28
288
306
12
28
288
306
12
28
287
303
12
28
287
303
12
28
288
303
12
28
288
303
12
28
288
303
12
28
288
303
12
28
288
302
12
28
288
302
12
28
288
302
12
28
287
302
12
28
287
302
12
28
287
302
12
28
287
303
12
28
286
303
12
28
285
303
12
28
284
303
12
28
283
303
12
28
283
303
12
28
283
303
12
28
284
303
12
28
285
303
12
28
286
302
12
28
287
303
12
28
287
303
12
28
287
303
12
28
286
303
12
28
285
302
12
28
283
302
12
28
281
302
12
28
279
301
12
28
278
301
12
28
277
301
12
28
277
301
12
28
278
302
12
28
278
302
12
28
277
301
12
28
276
301
12
28
275
300
12
28
274
300
12
28
274
300
12
28
274
300
12
28
276
304
12
28
276
304
12
28
274
303
12
28
272
303
12
28
269
303
12
28
269
303
12
28
269
304
12
28
271
304
12
28
274
301
12
28
272
301
12
28
275
301
12
28
278
301
12
28
280
301
12
28
281
301
12
28
281
301
12
28
281
301
12
28
280
301
12
28
279
301
12
28
278
301
12
28
277
301
12
28
277
301
12
28
277
301
12
28
277
301
12
28
276
301
12
28
276
301
12
28
277
300
12
28
278
300
12
28
280
300
12
28
280
300
12
28
281
300
12
28
281
300
12
28
282
300
12
28
282
300
12
28
282
300
12
28
289
297
12
28
288
297
12
28
287
296
12
28
286
296
12
28
286
297
12
28
286
297
12
28
286
297
12
28
286
297
12
28
285
297
12
28
285
297
12
28
285
297
12
28
285
297
12
28
285
296
12
28
286
296
12
28
286
296
12
28
286
296
12
28
286
296
12
28
286
296
12
28
286
296
12
28
287
296
12
28
287
296
12
28
287
295
12
28
287
295
12
28
287
295
12
28
286
295
12
28
285
295
12
28
285
296
12
28
285
296
12
28
285
296
12
28
285
295
12
28
285
295
12
28
285
295
12
28
285
295
12
28
285
295
12
28
285
295
12
28
284
295
12
28
284
295
12
28
284
295
12
28
284
295
12
28
285
295
12
28
285
295
12
28
286
301
12
28
286
301
12
28
287
301
12
28
288
301
12
28
288
301
12
28
288
301
12
28
288
301
12
28
287
301
12
28
286
301
12
28
286
301
12
28
286
301
12
28
285
300
12
28
286
300
12
28
286
300
12
28
287
300
12
28
288
300
12
28
289
300
12
28
289
301
12
28
289
301
12
28
288
301
12
28
288
301
12
28
287
301
12
28
287
301
12
28
287
301
12
28
288
300
12
28
288
300
12
28
289
300
12
28
289
300
12
28
289
300
12
28
289
300
12
28
289
298
12
28
289
298
12
28
289
298
12
28
289
298
12
28
289
298
12
28
288
298
12
28
288
298
12
28
287
298
12
28
286
298
12
28
286
298
12
28
287
298
12
28
281
299
12
28
281
299
12
28
281
299
12
28
281
297
12
28
282
297
12
28
282
297
12
28
282
297
12
28
282
297
12
28
282
297
12
28
282
297
12
28
282
297
12
28
282
297
12
28
282
297
12
28
282
297
12
28
282
297
12
28
283
296
12
28
283
296
12
28
282
297
12
28
281
297
12
28
280
297
12
28
280
297
12
28
280
297
12
28
281
297
12
28
281
297
12
28
281
298
12
28
281
298
12
28
281
298
12
28
281
298
12
28
282
298
12
28
283
298
12
28
283
298
12
28
284
298
12
28
284
298
12
28
285
298
12
28
285
298
12
28
284
298
12
28
284
298
12
28
284
298
12
28
284
298
12
28
284
298
12
28
284
298
12
28
277
297
12
28
276
297
12
28
276
297
12
28
276
297
12
28
275
297
12
28
276
296
12
28
276
296
12
28
276
295
12
28
276
295
12
28
277
295
12
28
277
295
12
28
277
295
12
28
276
295
12
28
277
295
12
28
277
295
12
28
277
295
12
28
277
295
12
28
278
295
12
28
278
295
12
28
278
295
12
28
278
295
12
28
278
296
12
28
277
296
12
28
276
295
12
28
276
295
12
28
275
295
12
28
275
295
12
28
275
295
12
28
276
295
12
28
276
296
12
28
276
296
12
28
277
296
12
28
277
296
12
28
277
296
12
28
276
296
12
28
276
296
12
28
276
295
12
28
276
295
12
28
277
295
12
28
277
295
12
28
278
296
12
28
279
300
12
28
279
299
12
28
279
300
12
28
278
299
12
28
278
299
12
28
277
299
12
28
277
298
12
28
277
298
12
28
277
298
12
28
278
298
12
28
278
299
12
28
279
299
12
28
279
298
12
28
279
298
12
28
279
298
12
28
279
298
12
28
279
298
12
28
279
298
12
28
279
298
12
28
280
299
12
28
280
298
12
28
280
298
12
28
280
298
12
28
280
298
12
28
280
298
12
28
281
297
12
28
280
297
12
28
280
297
12
28
280
297
12
28
280
297
12
28
280
298
12
28
279
298
12
28
279
298
12
28
278
298
12
28
277
298
12
28
275
297
12
28
273
295
12
28
