0
340
293
299
12
28
294
299
12
28
297
299
12
28
299
299
12
28
301
299
12
28
299
304
12
28
301
304
12
28
302
305
12
28
304
305
12
28
304
305
12
28
305
306
12
28
306
307
12
28
307
307
12
28
306
308
12
28
307
309
12
28
307
309
12
28
307
310
12
28
308
311
12
28
309
311
12
28
311
311
12
28
312
311
12
28
313
312
12
28
314
312
12
28
315
313
12
28
317
314
12
28
319
312
12
28
321
310
12
28
322
308
12
28
323
306
12
28
321
304
12
28
319
302
12
28
320
295
12
28
315
295
12
28
312
296
12
28
309
296
12
28
308
296
12
28
310
296
12
28
313
296
12
28
319
295
12
28
326
295
12
28
325
296
12
28
334
295
12
28
335
295
12
28
336
295
12
28
335
295
12
28
335
295
12
28
335
295
12
28
334
295
12
28
332
295
12
28
330
295
12
28
329
294
12
28
328
294
12
28
327
294
12
28
327
294
12
28
327
295
12
28
327
295
12
28
327
295
12
28
327
295
12
28
327
295
12
28
327
295
12
28
328
295
12
28
326
295
12
28
326
295
12
28
325
295
12
28
326
295
12
28
326
295
12
28
326
295
12
28
327
294
12
28
327
294
12
28
327
295
12
28
328
294
12
28
328
294
12
28
328
294
12
28
327
294
12
28
328
295
12
28
328
295
12
28
328
295
12
28
327
296
12
28
327
296
12
28
326
296
12
28
325
296
12
28
325
296
12
28
325
296
12
28
322
297
12
28
323
297
12
28
324
297
12
28
325
297
12
28
326
298
12
28
326
298
12
28
325
298
12
28
324
297
12
28
322
297
12
28
321
297
12
28
318
297
12
28
317
297
12
28
317
298
12
28
317
298
12
28
317
298
12
28
317
298
12
28
316
298
12
28
314
297
12
28
313
297
12
28
312
297
12
28
312
297
12
28
313
297
12
28
313
297
12
28
312
297
12
28
310
297
12
28
308
297
12
28
305
297
12
28
305
296
12
28
305
296
12
28
306
296
12
28
309
296
12
28
319
293
12
28
322
293
12
28
325
293
12
28
327
293
12
28
331
293
12
28
331
293
12
28
330
293
12
28
330
293
12
28
329
293
12
28
328
293
12
28
327
293
12
28
327
293
12
28
326
293
12
28
326
294
12
28
325
295
12
28
325
295
12
28
326
295
12
28
327
295
12
28
329
295
12
28
330
295
12
28
330
295
12
28
331
295
12
28
332
295
12
28
332
294
12
28
332
293
12
28
332
293
12
28
331
293
12
28
331
292
12
28
330
293
12
28
330
292
12
28
329
293
12
28
329
292
12
28
329
292
12
28
329
291
12
28
329
291
12
28
328
292
12
28
328
292
12
28
331
294
12
28
331
294
12
28
331
294
12
28
331
294
12
28
325
293
12
28
325
293
12
28
325
294
12
28
326
293
12
28
326
293
12
28
327
292
12
28
327
292
12
28
327
292
12
28
326
292
12
28
326
293
12
28
324
293
12
28
324
293
12
28
324
295
12
28
324
295
12
28
324
295
12
28
324
295
12
28
324
298
12
28
324
298
12
28
323
298
12
28
322
298
12
28
322
298
12
28
321
298
12
28
323
295
12
28
323
295
12
28
324
295
12
28
324
295
12
28
324
295
12
28
324
295
12
28
324
295
12
28
324
295
12
28
323
295
12
28
323
295
12
28
322
297
12
28
321
297
12
28
320
297
12
28
320
297
12
28
319
295
12
28
319
295
12
28
318
294
12
28
319
295
12
28
326
290
12
28
327
290
12
28
327
290
12
28
327
291
12
28
326
291
12
28
326
291
12
28
325
291
12
28
324
291
12
28
324
291
12
28
325
290
12
28
325
290
12
28
325
290
12
28
326
290
12
28
326
290
12
28
326
290
12
28
326
290
12
28
326
290
12
28
326
290
12
28
326
291
12
28
326
291
12
28
326
291
12
28
326
291
12
28
325
291
12
28
325
291
12
28
325
291
12
28
326
291
12
28
326
291
12
28
326
291
12
28
326
291
12
28
326
291
12
28
327
291
12
28
327
291
12
28
327
291
12
28
327
291
12
28
328
290
12
28
327
292
12
28
325
292
12
28
326
293
12
28
326
293
12
28
326
293
12
28
326
293
12
28
327
292
12
28
327
292
12
28
326
293
12
28
325
293
12
28
325
293
12
28
325
293
12
28
325
293
12
28
325
293
12
28
325
293
12
28
325
294
12
28
324
294
12
28
324
295
12
28
324
295
12
28
325
295
12
28
325
294
12
28
326
295
12
28
327
294
12
28
327
294
12
28
327
294
12
28
327
294
12
28
327
294
12
28
327
294
12
28
326
294
12
28
326
294
12
28
326
294
12
28
326
294
12
28
325
294
12
28
324
294
12
28
324
294
12
28
324
294
12
28
324
294
12
28
324
294
12
28
324
294
12
28
325
293
12
28
324
293
12
28
325
293
12
28
325
289
12
28
325
289
12
28
325
289
12
28
325
289
12
28
325
289
12
28
325
289
12
28
325
289
12
28
326
289
12
28
326
289
12
28
326
289
12
28
326
289
12
28
326
290
12
28
325
290
12
28
324
290
12
28
323
290
12
28
322
290
12
28
322
290
12
28
322
290
12
28
323
290
12
28
323
291
12
28
323
291
12
28
324
291
12
28
325
291
12
28
325
291
12
28
325
291
12
28
324
291
12
28
324
290
12
28
324
290
12
28
325
290
12
28
325
290
12
28
326
290
12
28
326
291
12
28
326
291
12
28
326
291
12
28
325
290
12
28
325
290
12
28
325
290
12
28
324
289
12
28
323
289
12
28
323
289
12
28
323
289
12
28
322
290
12
28
322
290
12
28
322
290
12
28
322
290
12
28
322
290
12
28
322
290
12
28
322
290
12
28
321
290
12
28
322
290
12
28
322
290
12
28
322
290
12
28
322
290
12
28
322
290
12
28
322
290
12
28
322
290
12
28
322
290
12
28
322
291
12
28
322
291
12
28
322
291
12
28
322
291
12
28
322
291
12
28
321
291
12
28
321
291
12
28
319
291
12
28
319
291
12
28
317
291
12
28
314
291
12
28
