0
340
273
294
12
28
276
294
12
28
274
296
12
28
275
296
12
28
277
296
12
28
280
296
12
28
278
298
12
28
279
298
12
28
282
298
12
28
281
298
12
28
280
298
12
28
279
299
12
28
280
299
12
28
282
299
12
28
286
303
12
28
286
303
12
28
286
304
12
28
284
305
12
28
285
305
12
28
286
305
12
28
287
306
12
28
289
306
12
28
299
308
12
28
298
306
12
28
301
306
12
28
301
304
12
28
303
302
12
28
304
300
12
28
303
300
12
28
303
301
12
28
306
291
12
28
305
290
12
28
302
290
12
28
299
290
12
28
296
290
12
28
296
290
12
28
297
290
12
28
299
289
12
28
302
289
12
28
305
289
12
28
304
290
12
28
307
290
12
28
309
290
12
28
310
290
12
28
309
290
12
28
308
290
12
28
308
290
12
28
315
295
12
28
313
293
12
28
313
290
12
28
315
289
12
28
314
289
12
28
312
289
12
28
313
289
12
28
313
289
12
28
312
289
12
28
314
289
12
28
313
289
12
28
308
292
12
28
308
289
12
28
307
290
12
28
309
290
12
28
311
292
12
28
310
292
12
28
308
290
12
28
307
290
12
28
307
290
12
28
307
289
12
28
307
289
12
28
306
289
12
28
307
288
12
28
307
288
12
28
307
288
12
28
304
288
12
28
306
288
12
28
306
288
12
28
304
289
12
28
304
289
12
28
304
288
12
28
305
288
12
28
303
288
12
28
301
288
12
28
299
288
12
28
299
288
12
28
304
292
12
28
305
291
12
28
306
291
12
28
307
291
12
28
307
294
12
28
307
294
12
28
305
294
12
28
305
292
12
28
306
291
12
28
306
288
12
28
304
287
12
28
304
287
12
28
304
287
12
28
306
288
12
28
305
287
12
28
302
287
12
28
304
287
12
28
306
286
12
28
303
286
12
28
298
286
12
28
298
289
12
28
300
288
12
28
301
287
12
28
302
286
12
28
300
285
12
28
297
285
12
28
299
284
12
28
297
284
12
28
296
284
12
28
299
284
12
28
299
286
12
28
302
286
12
28
305
286
12
28
307
286
12
28
305
287
12
28
307
286
12
28
307
286
12
28
310
286
12
28
310
286
12
28
310
286
12
28
311
286
12
28
313
286
12
28
311
287
12
28
312
288
12
28
306
288
12
28
304
287
12
28
304
286
12
28
305
286
12
28
307
286
12
28
305
287
12
28
306
287
12
28
304
287
12
28
304
287
12
28
304
286
12
28
304
286
12
28
304
286
12
28
301
286
12
28
298
286
12
28
299
285
12
28
299
286
12
28
300
286
12
28
298
285
12
28
298
285
12
28
297
286
12
28
297
286
12
28
297
286
12
28
297
286
12
28
297
286
12
28
297
286
12
28
311
291
12
28
311
291
12
28
312
290
12
28
312
290
12
28
312
290
12
28
310
292
12
28
311
292
12
28
312
290
12
28
310
291
12
28
310
290
12
28
308
289
12
28
308
290
12
28
309
291
12
28
309
291
12
28
307
291
12
28
307
291
12
28
305
290
12
28
306
291
12
28
306
291
12
28
305
291
12
28
305
291
12
28
304
291
12
28
304
290
12
28
304
290
12
28
304
287
12
28
306
285
12
28
306
285
12
28
307
285
12
28
311
288
12
28
311
285
12
28
311
285
12
28
310
285
12
28
309
284
12
28
309
290
12
28
308
290
12
28
307
292
12
28
306
290
12
28
305
291
12
28
305
290
12
28
306
290
12
28
305
290
12
28
306
290
12
28
306
290
12
28
305
290
12
28
306
291
12
28
306
291
12
28
306
291
12
28
304
291
12
28
304
291
12
28
304
291
12
28
304
291
12
28
304
290
12
28
305
291
12
28
305
291
12
28
305
291
12
28
306
291
12
28
305
291
12
28
305
291
12
28
305
290
12
28
305
290
12
28
305
290
12
28
305
290
12
28
303
290
12
28
303
290
12
28
301
290
12
28
300
290
12
28
301
290
12
28
301
290
12
28
301
290
12
28
301
287
12
28
301
284
12
28
298
284
12
28
296
282
12
28
295
283
12
28
308
287
12
28
307
288
12
28
307
287
12
28
308
285
12
28
308
285
12
28
306
284
12
28
307
283
12
28
307
283
12
28
309
283
12
28
310
282
12
28
312
281
12
28
311
282
12
28
308
282
12
28
309
282
12
28
312
282
12
28
309
282
12
28
310
282
12
28
311
282
12
28
311
283
12
28
313
283
12
28
313
283
12
28
313
283
12
28
315
282
12
28
314
283
12
28
313
283
12
28
313
282
12
28
316
282
12
28
319
282
12
28
316
282
12
28
316
282
12
28
316
282
12
28
316
282
12
28
316
282
12
28
316
282
12
28
316
282
12
28
315
282
12
28
315
282
12
28
318
282
12
28
319
282
12
28
319
282
12
28
317
281
12
28
306
291
12
28
306
290
12
28
305
290
12
28
306
290
12
28
306
290
12
28
308
290
12
28
308
290
12
28
308
290
12
28
308
290
12
28
306
291
12
28
306
290
12
28
307
290
12
28
307
290
12
28
312
286
12
28
312
286
12
28
311
286
12
28
311
286
12
28
309
285
12
28
307
285
12
28
307
285
12
28
307
285
12
28
307
285
12
28
307
285
12
28
307
285
12
28
307
285
12
28
308
285
12
28
308
285
12
28
309
289
12
28
309
288
12
28
309
288
12
28
309
288
12
28
309
287
12
28
309
287
12
28
307
286
12
28
309
285
12
28
308
286
12
28
307
286
12
28
307
286
12
28
307
286
12
28
307
286
12
28
305
286
12
28
305
286
12
28
304
286
12
28
307
287
12
28
305
285
12
28
307
285
12
28
307
285
12
28
308
285
12
28
309
285
12
28
308
285
12
28
308
284
12
28
307
284
12
28
306
284
12
28
306
284
12
28
307
284
12
28
307
281
12
28
305
281
12
28
308
281
12
28
308
281
12
28
305
281
12
28
306
281
12
28
303
281
12
28
302
281
12
28
301
280
12
28
298
280
12
28
298
280
12
28
296
280
12
28
296
280
12
28
294
280
12
28
294
279
12
28
292
277
12
28
289
277
12
28
